
  1D histogram 0: Edep in absorber (MeV)
 
 	     X 		     Y
  0	4.000000e+00	0.000000e+00
  1	1.200000e+01	0.000000e+00
  2	2.000000e+01	0.000000e+00
  3	2.800000e+01	0.000000e+00
  4	3.600000e+01	0.000000e+00
  5	4.400000e+01	0.000000e+00
  6	5.200000e+01	0.000000e+00
  7	6.000000e+01	0.000000e+00
  8	6.800000e+01	0.000000e+00
  9	7.600000e+01	0.000000e+00
  10	8.400000e+01	0.000000e+00
  11	9.200000e+01	0.000000e+00
  12	1.000000e+02	0.000000e+00
  13	1.080000e+02	0.000000e+00
  14	1.160000e+02	0.000000e+00
  15	1.240000e+02	0.000000e+00
  16	1.320000e+02	0.000000e+00
  17	1.400000e+02	0.000000e+00
  18	1.480000e+02	0.000000e+00
  19	1.560000e+02	0.000000e+00
  20	1.640000e+02	0.000000e+00
  21	1.720000e+02	0.000000e+00
  22	1.800000e+02	1.000000e+00
  23	1.880000e+02	0.000000e+00
  24	1.960000e+02	3.000000e+00
  25	2.040000e+02	1.000000e+01
  26	2.120000e+02	1.300000e+01
  27	2.200000e+02	1.700000e+01
  28	2.280000e+02	2.800000e+01
  29	2.360000e+02	3.400000e+01
  30	2.440000e+02	2.800000e+01
  31	2.520000e+02	2.200000e+01
  32	2.600000e+02	1.800000e+01
  33	2.680000e+02	2.300000e+01
  34	2.760000e+02	1.500000e+01
  35	2.840000e+02	1.700000e+01
  36	2.920000e+02	1.330000e+02
  37	3.000000e+02	2.460200e+04
  38	3.080000e+02	0.000000e+00
  39	3.160000e+02	0.000000e+00
  40	3.240000e+02	0.000000e+00
  41	3.320000e+02	0.000000e+00
  42	3.400000e+02	0.000000e+00
  43	3.480000e+02	0.000000e+00
  44	3.560000e+02	0.000000e+00
  45	3.640000e+02	0.000000e+00
  46	3.720000e+02	0.000000e+00
  47	3.800000e+02	0.000000e+00
  48	3.880000e+02	0.000000e+00
  49	3.960000e+02	0.000000e+00
  50	4.040000e+02	0.000000e+00
  51	4.120000e+02	0.000000e+00
  52	4.200000e+02	0.000000e+00
  53	4.280000e+02	0.000000e+00
  54	4.360000e+02	0.000000e+00
  55	4.440000e+02	0.000000e+00
  56	4.520000e+02	0.000000e+00
  57	4.600000e+02	0.000000e+00
  58	4.680000e+02	0.000000e+00
  59	4.760000e+02	0.000000e+00
  60	4.840000e+02	0.000000e+00
  61	4.920000e+02	0.000000e+00
  62	5.000000e+02	0.000000e+00
  63	5.080000e+02	0.000000e+00
  64	5.160000e+02	0.000000e+00
  65	5.240000e+02	0.000000e+00
  66	5.320000e+02	0.000000e+00
  67	5.400000e+02	0.000000e+00
  68	5.480000e+02	0.000000e+00
  69	5.560000e+02	0.000000e+00
  70	5.640000e+02	0.000000e+00
  71	5.720000e+02	0.000000e+00
  72	5.800000e+02	0.000000e+00
  73	5.880000e+02	0.000000e+00
  74	5.960000e+02	0.000000e+00
  75	6.040000e+02	0.000000e+00
  76	6.120000e+02	0.000000e+00
  77	6.200000e+02	0.000000e+00
  78	6.280000e+02	0.000000e+00
  79	6.360000e+02	0.000000e+00
  80	6.440000e+02	0.000000e+00
  81	6.520000e+02	0.000000e+00
  82	6.600000e+02	0.000000e+00
  83	6.680000e+02	0.000000e+00
  84	6.760000e+02	0.000000e+00
  85	6.840000e+02	0.000000e+00
  86	6.920000e+02	0.000000e+00
  87	7.000000e+02	0.000000e+00
  88	7.080000e+02	0.000000e+00
  89	7.160000e+02	0.000000e+00
  90	7.240000e+02	0.000000e+00
  91	7.320000e+02	0.000000e+00
  92	7.400000e+02	0.000000e+00
  93	7.480000e+02	0.000000e+00
  94	7.560000e+02	0.000000e+00
  95	7.640000e+02	0.000000e+00
  96	7.720000e+02	0.000000e+00
  97	7.800000e+02	0.000000e+00
  98	7.880000e+02	0.000000e+00
  99	7.960000e+02	0.000000e+00

  1D histogram 1: Edep in gap (MeV)
 
 	     X 		     Y
  0	5.000000e-01	2.496400e+04
  1	1.500000e+00	0.000000e+00
  2	2.500000e+00	0.000000e+00
  3	3.500000e+00	0.000000e+00
  4	4.500000e+00	0.000000e+00
  5	5.500000e+00	0.000000e+00
  6	6.500000e+00	0.000000e+00
  7	7.500000e+00	0.000000e+00
  8	8.500000e+00	0.000000e+00
  9	9.500000e+00	0.000000e+00
  10	1.050000e+01	0.000000e+00
  11	1.150000e+01	0.000000e+00
  12	1.250000e+01	0.000000e+00
  13	1.350000e+01	0.000000e+00
  14	1.450000e+01	0.000000e+00
  15	1.550000e+01	0.000000e+00
  16	1.650000e+01	0.000000e+00
  17	1.750000e+01	0.000000e+00
  18	1.850000e+01	0.000000e+00
  19	1.950000e+01	0.000000e+00
  20	2.050000e+01	0.000000e+00
  21	2.150000e+01	0.000000e+00
  22	2.250000e+01	0.000000e+00
  23	2.350000e+01	0.000000e+00
  24	2.450000e+01	0.000000e+00
  25	2.550000e+01	0.000000e+00
  26	2.650000e+01	0.000000e+00
  27	2.750000e+01	0.000000e+00
  28	2.850000e+01	0.000000e+00
  29	2.950000e+01	0.000000e+00
  30	3.050000e+01	0.000000e+00
  31	3.150000e+01	0.000000e+00
  32	3.250000e+01	0.000000e+00
  33	3.350000e+01	0.000000e+00
  34	3.450000e+01	0.000000e+00
  35	3.550000e+01	0.000000e+00
  36	3.650000e+01	0.000000e+00
  37	3.750000e+01	0.000000e+00
  38	3.850000e+01	0.000000e+00
  39	3.950000e+01	0.000000e+00
  40	4.050000e+01	0.000000e+00
  41	4.150000e+01	0.000000e+00
  42	4.250000e+01	0.000000e+00
  43	4.350000e+01	0.000000e+00
  44	4.450000e+01	0.000000e+00
  45	4.550000e+01	0.000000e+00
  46	4.650000e+01	0.000000e+00
  47	4.750000e+01	0.000000e+00
  48	4.850000e+01	0.000000e+00
  49	4.950000e+01	0.000000e+00
  50	5.050000e+01	0.000000e+00
  51	5.150000e+01	0.000000e+00
  52	5.250000e+01	0.000000e+00
  53	5.350000e+01	0.000000e+00
  54	5.450000e+01	0.000000e+00
  55	5.550000e+01	0.000000e+00
  56	5.650000e+01	0.000000e+00
  57	5.750000e+01	0.000000e+00
  58	5.850000e+01	0.000000e+00
  59	5.950000e+01	0.000000e+00
  60	6.050000e+01	0.000000e+00
  61	6.150000e+01	0.000000e+00
  62	6.250000e+01	0.000000e+00
  63	6.350000e+01	0.000000e+00
  64	6.450000e+01	0.000000e+00
  65	6.550000e+01	0.000000e+00
  66	6.650000e+01	0.000000e+00
  67	6.750000e+01	0.000000e+00
  68	6.850000e+01	0.000000e+00
  69	6.950000e+01	0.000000e+00
  70	7.050000e+01	0.000000e+00
  71	7.150000e+01	0.000000e+00
  72	7.250000e+01	0.000000e+00
  73	7.350000e+01	0.000000e+00
  74	7.450000e+01	0.000000e+00
  75	7.550000e+01	0.000000e+00
  76	7.650000e+01	0.000000e+00
  77	7.750000e+01	0.000000e+00
  78	7.850000e+01	0.000000e+00
  79	7.950000e+01	0.000000e+00
  80	8.050000e+01	0.000000e+00
  81	8.150000e+01	0.000000e+00
  82	8.250000e+01	0.000000e+00
  83	8.350000e+01	0.000000e+00
  84	8.450000e+01	0.000000e+00
  85	8.550000e+01	0.000000e+00
  86	8.650000e+01	0.000000e+00
  87	8.750000e+01	0.000000e+00
  88	8.850000e+01	0.000000e+00
  89	8.950000e+01	0.000000e+00
  90	9.050000e+01	0.000000e+00
  91	9.150000e+01	0.000000e+00
  92	9.250000e+01	0.000000e+00
  93	9.350000e+01	0.000000e+00
  94	9.450000e+01	0.000000e+00
  95	9.550000e+01	0.000000e+00
  96	9.650000e+01	0.000000e+00
  97	9.750000e+01	0.000000e+00
  98	9.850000e+01	0.000000e+00
  99	9.950000e+01	0.000000e+00

  1D histogram 2: trackL in absorber (mm)
 
 	     X 		     Y
  0	2.500000e-01	0.000000e+00
  1	7.500000e-01	0.000000e+00
  2	1.250000e+00	0.000000e+00
  3	1.750000e+00	1.000000e+00
  4	2.250000e+00	2.451900e+04
  5	2.750000e+00	1.700000e+01
  6	3.250000e+00	1.600000e+01
  7	3.750000e+00	1.300000e+01
  8	4.250000e+00	8.000000e+00
  9	4.750000e+00	6.000000e+00
  10	5.250000e+00	1.300000e+01
  11	5.750000e+00	5.000000e+00
  12	6.250000e+00	1.200000e+01
  13	6.750000e+00	1.400000e+01
  14	7.250000e+00	1.000000e+01
  15	7.750000e+00	1.000000e+01
  16	8.250000e+00	3.000000e+00
  17	8.750000e+00	6.000000e+00
  18	9.250000e+00	7.000000e+00
  19	9.750000e+00	7.000000e+00
  20	1.025000e+01	6.000000e+00
  21	1.075000e+01	3.000000e+00
  22	1.125000e+01	5.000000e+00
  23	1.175000e+01	6.000000e+00
  24	1.225000e+01	1.400000e+01
  25	1.275000e+01	2.000000e+00
  26	1.325000e+01	5.000000e+00
  27	1.375000e+01	5.000000e+00
  28	1.425000e+01	5.000000e+00
  29	1.475000e+01	5.000000e+00
  30	1.525000e+01	7.000000e+00
  31	1.575000e+01	1.000000e+00
  32	1.625000e+01	4.000000e+00
  33	1.675000e+01	7.000000e+00
  34	1.725000e+01	1.200000e+01
  35	1.775000e+01	7.000000e+00
  36	1.825000e+01	7.000000e+00
  37	1.875000e+01	8.000000e+00
  38	1.925000e+01	6.000000e+00
  39	1.975000e+01	6.000000e+00
  40	2.025000e+01	6.000000e+00
  41	2.075000e+01	3.000000e+00
  42	2.125000e+01	5.000000e+00
  43	2.175000e+01	3.000000e+00
  44	2.225000e+01	9.000000e+00
  45	2.275000e+01	5.000000e+00
  46	2.325000e+01	3.000000e+00
  47	2.375000e+01	0.000000e+00
  48	2.425000e+01	7.000000e+00
  49	2.475000e+01	3.000000e+00
  50	2.525000e+01	7.000000e+00
  51	2.575000e+01	1.000000e+01
  52	2.625000e+01	5.000000e+00
  53	2.675000e+01	6.000000e+00
  54	2.725000e+01	3.000000e+00
  55	2.775000e+01	4.000000e+00
  56	2.825000e+01	2.000000e+00
  57	2.875000e+01	4.000000e+00
  58	2.925000e+01	6.000000e+00
  59	2.975000e+01	5.000000e+00
  60	3.025000e+01	4.000000e+00
  61	3.075000e+01	2.000000e+00
  62	3.125000e+01	3.000000e+00
  63	3.175000e+01	2.000000e+00
  64	3.225000e+01	2.000000e+00
  65	3.275000e+01	4.000000e+00
  66	3.325000e+01	0.000000e+00
  67	3.375000e+01	2.000000e+00
  68	3.425000e+01	1.000000e+00
  69	3.475000e+01	1.000000e+00
  70	3.525000e+01	0.000000e+00
  71	3.575000e+01	2.000000e+00
  72	3.625000e+01	2.000000e+00
  73	3.675000e+01	0.000000e+00
  74	3.725000e+01	3.000000e+00
  75	3.775000e+01	2.000000e+00
  76	3.825000e+01	1.000000e+00
  77	3.875000e+01	1.000000e+00
  78	3.925000e+01	0.000000e+00
  79	3.975000e+01	0.000000e+00
  80	4.025000e+01	0.000000e+00
  81	4.075000e+01	3.000000e+00
  82	4.125000e+01	0.000000e+00
  83	4.175000e+01	1.000000e+00
  84	4.225000e+01	0.000000e+00
  85	4.275000e+01	2.000000e+00
  86	4.325000e+01	1.000000e+00
  87	4.375000e+01	2.000000e+00
  88	4.425000e+01	1.000000e+00
  89	4.475000e+01	1.000000e+00
  90	4.525000e+01	2.000000e+00
  91	4.575000e+01	0.000000e+00
  92	4.625000e+01	2.000000e+00
  93	4.675000e+01	2.000000e+00
  94	4.725000e+01	0.000000e+00
  95	4.775000e+01	2.000000e+00
  96	4.825000e+01	0.000000e+00
  97	4.875000e+01	0.000000e+00
  98	4.925000e+01	2.000000e+00
  99	4.975000e+01	0.000000e+00

  1D histogram 3: trackL in gap (mm)
 
 	     X 		     Y
  0	2.500000e-01	2.496400e+04
  1	7.500000e-01	0.000000e+00
  2	1.250000e+00	0.000000e+00
  3	1.750000e+00	0.000000e+00
  4	2.250000e+00	0.000000e+00
  5	2.750000e+00	0.000000e+00
  6	3.250000e+00	0.000000e+00
  7	3.750000e+00	0.000000e+00
  8	4.250000e+00	0.000000e+00
  9	4.750000e+00	0.000000e+00
  10	5.250000e+00	0.000000e+00
  11	5.750000e+00	0.000000e+00
  12	6.250000e+00	0.000000e+00
  13	6.750000e+00	0.000000e+00
  14	7.250000e+00	0.000000e+00
  15	7.750000e+00	0.000000e+00
  16	8.250000e+00	0.000000e+00
  17	8.750000e+00	0.000000e+00
  18	9.250000e+00	0.000000e+00
  19	9.750000e+00	0.000000e+00
  20	1.025000e+01	0.000000e+00
  21	1.075000e+01	0.000000e+00
  22	1.125000e+01	0.000000e+00
  23	1.175000e+01	0.000000e+00
  24	1.225000e+01	0.000000e+00
  25	1.275000e+01	0.000000e+00
  26	1.325000e+01	0.000000e+00
  27	1.375000e+01	0.000000e+00
  28	1.425000e+01	0.000000e+00
  29	1.475000e+01	0.000000e+00
  30	1.525000e+01	0.000000e+00
  31	1.575000e+01	0.000000e+00
  32	1.625000e+01	0.000000e+00
  33	1.675000e+01	0.000000e+00
  34	1.725000e+01	0.000000e+00
  35	1.775000e+01	0.000000e+00
  36	1.825000e+01	0.000000e+00
  37	1.875000e+01	0.000000e+00
  38	1.925000e+01	0.000000e+00
  39	1.975000e+01	0.000000e+00
  40	2.025000e+01	0.000000e+00
  41	2.075000e+01	0.000000e+00
  42	2.125000e+01	0.000000e+00
  43	2.175000e+01	0.000000e+00
  44	2.225000e+01	0.000000e+00
  45	2.275000e+01	0.000000e+00
  46	2.325000e+01	0.000000e+00
  47	2.375000e+01	0.000000e+00
  48	2.425000e+01	0.000000e+00
  49	2.475000e+01	0.000000e+00
  50	2.525000e+01	0.000000e+00
  51	2.575000e+01	0.000000e+00
  52	2.625000e+01	0.000000e+00
  53	2.675000e+01	0.000000e+00
  54	2.725000e+01	0.000000e+00
  55	2.775000e+01	0.000000e+00
  56	2.825000e+01	0.000000e+00
  57	2.875000e+01	0.000000e+00
  58	2.925000e+01	0.000000e+00
  59	2.975000e+01	0.000000e+00
  60	3.025000e+01	0.000000e+00
  61	3.075000e+01	0.000000e+00
  62	3.125000e+01	0.000000e+00
  63	3.175000e+01	0.000000e+00
  64	3.225000e+01	0.000000e+00
  65	3.275000e+01	0.000000e+00
  66	3.325000e+01	0.000000e+00
  67	3.375000e+01	0.000000e+00
  68	3.425000e+01	0.000000e+00
  69	3.475000e+01	0.000000e+00
  70	3.525000e+01	0.000000e+00
  71	3.575000e+01	0.000000e+00
  72	3.625000e+01	0.000000e+00
  73	3.675000e+01	0.000000e+00
  74	3.725000e+01	0.000000e+00
  75	3.775000e+01	0.000000e+00
  76	3.825000e+01	0.000000e+00
  77	3.875000e+01	0.000000e+00
  78	3.925000e+01	0.000000e+00
  79	3.975000e+01	0.000000e+00
  80	4.025000e+01	0.000000e+00
  81	4.075000e+01	0.000000e+00
  82	4.125000e+01	0.000000e+00
  83	4.175000e+01	0.000000e+00
  84	4.225000e+01	0.000000e+00
  85	4.275000e+01	0.000000e+00
  86	4.325000e+01	0.000000e+00
  87	4.375000e+01	0.000000e+00
  88	4.425000e+01	0.000000e+00
  89	4.475000e+01	0.000000e+00
  90	4.525000e+01	0.000000e+00
  91	4.575000e+01	0.000000e+00
  92	4.625000e+01	0.000000e+00
  93	4.675000e+01	0.000000e+00
  94	4.725000e+01	0.000000e+00
  95	4.775000e+01	0.000000e+00
  96	4.825000e+01	0.000000e+00
  97	4.875000e+01	0.000000e+00
  98	4.925000e+01	0.000000e+00
  99	4.975000e+01	0.000000e+00
