1.53548
0.68901
4.98
4.0173
3.04966
3.16389
1.74186
3.56782
4.58268
3.30613
0.380703
3.54263
1.05077
4.15211
1.65794
4.38327
1.20199
4.25787
4.52252
1.15436
3.34422
2.85641
1.99415
1.10103
0.784633
3.81676
1.34792
3.19662
4.4414
2.3727
4.37312
1.54239
4.78915
0.516472
2.60819
4.02765
2.11314
3.39677
2.24845
3.41685
3.0463
4.68363
3.89865
1.32917
3.40298
2.76356
0.957169
0.608576
3.44074
2.56023
1.23596
2.72715
0.0893565
3.82463
1.78472
4.84788
4.93698
3.96395
2.55637
1.42366
3.02173
1.76355
1.00272
1.95187
1.22158
3.75236
1.1668
3.26694
0.892134
3.39271
4.12026
1.8847
1.89893
3.85549
3.67081
4.39498
3.12816
2.49108
4.56139
4.32114
0.71106
4.84677
3.11922
0.190524
2.94144
2.24232
4.85534
2.99362
0.9079
2.00998
0.310485
2.6664
0.338449
3.14306
1.14499
4.62137
0.8937
2.43536
1.20331
2.16543
2.0029
1.80866
2.16126
1.80737
3.80557
3.62785
0.897949
2.84794
2.36252
3.42187
2.97663
1.57353
4.78925
3.18554
1.19892
0.467312
4.57172
0.68414
2.40954
0.802425
1.16614
2.61023
1.37645
3.07287
2.67574
0.8961
4.16074
2.9998
1.47258
4.32693
1.29088
1.73253
4.80913
0.279239
2.95718
4.8915
1.66534
2.92522
1.52185
0.245999
4.15232
4.06968
2.04499
2.5033
3.79566
0.277615
3.21064
1.2019
4.97529
4.92732
4.94263
4.64872
4.60152
2.37482
1.8999
0.409846
3.91597
3.86126
2.77725
2.80973
4.76015
2.64733
4.70335
0.537268
2.64725
4.3646
2.5582
4.73858
2.7103
1.3808
3.39351
4.39503
2.2452
3.7295
4.53415
1.90497
2.46796
2.17634
1.51142
3.76389
3.56466
1.72968
0.00932065
4.80981
4.07386
0.310044
1.93434
2.67188
1.44303
1.14793
2.53994
2.26143
3.90402
0.0677992
1.39196
3.56718
1.95128
2.91172
1.63829
2.69421
0.447522
0.0939354
2.43273
1.86221
2.37741
0.652634
1.1541
2.67616
3.42563
0.356629
0.159293
0.846681
0.433301
2.72914
3.70598
2.07569
4.30948
3.67945
0.637473
1.91547
3.83744
0.0569636
0.884187
2.67419
3.56326
2.1449
2.8084
1.70576
0.341568
2.75838
2.99841
4.74865
4.03526
1.30646
1.906
1.31555
4.3073
0.00815175
0.945249
1.35636
0.852161
3.52425
3.06165
4.54612
1.68108
2.90392
3.41157
0.908547
1.39226
0.808384
2.88481
4.69611
0.518749
4.98514
4.85461
0.0177284
0.802545
1.94302
3.23748
1.13817
3.23494
0.433433
4.88972
1.27028
4.30654
1.34603
4.26144
4.39446
4.26985
4.00964
2.08852
2.3678
1.33234
4.41538
4.33233
3.80663
1.50606
3.3405
0.393901
4.13115
4.40071
4.86229
4.51629
2.68463
4.40379
0.367583
3.31972
3.59811
1.99529
4.51694
1.36745
3.7067
4.60224
4.98017
2.70541
0.572087
3.20629
3.99107
2.85756
4.84192
1.54377
0.845959
3.18314
4.06939
4.3571
3.10378
4.39684
3.30547
2.70309
1.66393
1.6592
0.368654
3.93391
1.99041
3.01989
0.910249
4.39603
0.0437545
4.89068
2.93224
4.22569
1.87885
2.46871
3.17746
2.06499
0.52361
4.70001
1.93302
2.27923
0.970118
1.70516
4.58158
4.95107
0.728094
2.56007
0.254259
1.98723
1.82015
3.68472
4.22635
0.76004
2.01713
4.34494
2.8891
0.0796179
4.85576
3.90905
1.71817
4.81523
0.0268255
4.17232
2.26205
0.480413
3.41269
3.00566
2.12944
3.04612
4.45353
1.79475
4.46432
0.515413
3.93639
1.98051
4.31505
3.54495
0.227505
3.48496
2.28484
3.30196
3.81835
0.700773
0.544615
1.96661
1.02558
3.85291
3.42698
0.723933
2.27915
2.97681
0.503467
4.04848
1.55537
3.74062
0.831678
4.21742
3.95762
2.96659
1.15946
2.30466
1.42869
2.58373
4.04205
4.52472
4.75586
0.926334
3.60285
2.52566
3.56328
0.612963
4.29701
3.82323
3.25734
1.65258
2.63853
0.956343
2.48541
0.863573
2.02053
0.256283
4.97303
3.24258
2.18403
2.37949
4.34796
0.389905
4.87445
2.2524
0.190456
0.598193
2.79453
2.02119
0.917111
2.63958
3.18731
4.96044
1.78474
4.57533
2.43234
0.611374
3.78808
0.802469
3.41085
2.3914
2.19344
0.0538502
3.00102
0.0803446
4.65961
2.68829
3.34883
1.80261
0.197556
1.53701
0.53754
1.54813
3.04359
0.266469
4.83552
1.98726
0.447906
1.6969
0.454262
3.3755
1.0011
0.306869
4.63339
2.2828
3.26607
0.760876
3.76661
4.43022
2.48795
3.39368
3.6094
0.594612
4.6628
4.75904
2.96729
3.63122
3.7316
0.25916
4.75704
4.14124
0.374638
2.8573
0.036622
4.45544
0.445827
1.25155
0.706045
0.0561384
0.0786076
1.69713
1.69946
1.48318
0.965287
0.235797
1.11028
1.52787
1.6424
0.849347
3.8799
4.81832
4.12555
0.123879
1.25774
1.7848
2.95256
0.961575
3.67724
2.05074
2.48598
1.15988
1.38655
3.67664
1.04748
0.196592
4.68883
1.81367
0.306793
1.45048
2.45475
2.40778
2.08257
4.6166
0.918477
2.15665
0.137747
0.904698
4.14746
2.37181
4.76998
1.70315
3.13081
4.79762
4.16404
4.88491
0.112362
0.784367
2.77793
0.969917
1.86906
3.76699
2.62555
1.28862
0.507458
3.55698
2.82555
2.85593
4.0966
2.32603
0.55603
3.54569
4.64256
4.7612
4.35353
1.84944
3.00418
1.4306
2.65095
1.28699
3.0552
0.84853
0.615545
1.77167
1.80598
1.52991
3.15141
4.36914
1.97148
2.96366
4.72852
1.90581
4.70874
2.55939
3.81843
2.69892
3.01775
2.39726
3.15153
2.21839
3.4234
1.65433
3.19514
4.94727
2.75207
1.01512
1.17325
3.45559
4.5076
1.83296
3.73896
3.2077
2.41272
3.7724
3.23159
3.42898
1.82101
0.231381
2.65171
2.05109
3.447
0.933774
2.79305
0.303419
4.30302
3.76807
1.95283
1.35886
0.912478
3.71493
4.52291
2.99084
0.891765
4.32017
4.83421
3.26383
3.94748
1.51428
3.71258
0.770797
3.04213
1.82794
3.03343
4.34168
4.53395
1.45198
3.04921
4.97909
3.57966
0.373516
1.70036
3.28073
3.37242
2.25469
3.84929
3.00949
1.97931
3.14538
2.35673
2.62248
2.07504
3.42401
3.74312
3.34043
2.08296
3.15966
3.58957
4.64308
1.06876
4.78879
4.83721
0.181499
1.90829
0.656605
4.75637
2.47972
0.0761049
0.554043
4.29911
1.95905
4.82051
4.63572
0.165199
2.73759
3.2542
1.90909
4.9267
1.20272
1.49217
3.50149
1.99617
0.607297
2.57389
0.438921
0.418121
4.73625
1.4904
3.16569
3.86329
3.69733
4.77353
3.20332
3.97705
3.59884
3.13939
1.00763
4.88752
3.89216
0.00257125
2.41441
3.50731
3.28127
3.73735
2.09925
0.764528
1.60941
4.60634
4.41204
1.85814
1.67875
4.90348
2.48203
3.19428
1.65053
4.86885
4.40978
3.2286
4.87533
0.416884
2.7727
4.03765
2.60045
2.67732
0.716363
4.04629
0.0733863
2.98628
0.370567
0.0505501
0.813808
0.561723
2.15819
2.44678
1.73827
4.3873
0.751159
0.0959284
4.92885
0.0656283
4.43978
1.56201
1.63013
1.45554
1.38458
3.1799
1.5827
4.04639
4.39628
4.29531
2.89853
0.485449
1.85048
2.08937
1.0142
2.56924
0.694306
0.904047
4.9757
3.11736
2.96149
3.1865
2.99202
3.67393
4.42622
0.692095
2.46783
4.9004
4.38919
1.1154
4.79807
2.24803
2.85331
0.640891
2.91842
3.98161
4.4063
1.79748
4.24317
0.147171
3.27316
2.89742
1.86548
0.716246
2.25517
1.70616
4.47167
1.25994
2.54411
2.27787
1.9192
2.6091
1.147
2.92268
4.39815
4.69062
3.0989
4.26688
4.92187
1.05844
1.55446
2.31383
3.51721
3.48974
2.43156
4.02002
3.26083
4.4763
4.70631
4.71953
3.23966
3.73265
4.96954
0.202382
0.441511
1.96185
2.97205
4.0493
3.71705
3.45918
4.16359
4.37092
4.63701
0.806347
0.34206
4.90145
1.91217
2.293
1.92109
1.72298
3.74339
0.952275
1.13077
1.06085
1.74513
1.1001
2.25487
3.1236
2.91033
4.89381
2.52078
2.39869
1.74912
0.811004
2.52099
3.68262
0.882628
3.78507
2.93174
2.52406
2.07683
0.470228
2.21378
0.821607
3.11421
1.30652
4.55458
4.90276
1.23175
1.85363
4.41279
4.02379
1.09501
3.19036
1.56759
4.9027
2.41617
1.91249
3.58586
4.43595
0.1872
0.0492654
1.51697
3.72768
1.17444
3.19399
3.82884
4.17771
3.66948
0.0448552
0.222375
3.27567
2.51011
1.59852
4.83276
3.6858
2.92272
1.17786
4.26658
1.80749
3.55788
1.55245
3.96453
0.00815178
3.50727
4.79847
4.13004
0.817529
2.35732
0.171648
0.875528
1.73023
2.35707
1.02334
2.80598
0.817987
3.92745
3.55694
1.77206
4.02819
4.88506
1.24069
1.0754
4.16127
3.12804
2.35519
0.94322
2.54992
3.30429
1.04443
4.63234
3.19161
2.83434
2.25117
0.525287
2.59346
4.20355
4.5798
2.34892
4.56591
4.18905
0.330299
1.6761
0.774121
2.71763
4.92763
4.12841
2.2295
3.80624
2.90909
4.17996
2.65755
2.64652
4.93523
3.91961
2.6766
2.06496
0.09623
3.0648
3.90632
1.29897
0.917385
0.392749
4.84135
3.62526
4.69226
1.61798
3.25664
4.2311
0.430563
1.22369
3.48387
3.00453
4.29298
3.451
0.881422
4.38694
3.92952
3.02592
2.34964
2.97612
0.461491
3.81262
0.0776324
4.96092
1.80301
3.32435
1.86987
2.52233
4.44826
1.53489
1.09984
2.77063
3.61557
4.17956
2.74245
4.38311
2.88969
3.67176
2.34912
0.199691
3.2425
0.822895
1.60847
3.21039
1.83213
1.66822
4.53959
4.434
3.81891
3.19904
0.647368
0.538805
4.8794
2.29662
0.0247711
1.80777
1.04387
4.21317
0.319219
4.14998
0.501279
0.482152
4.27141
2.9465
0.648083
0.439392
0.3004
1.56664
1.0858
1.08413
0.998436
0.867555
2.8026
3.8999
1.95319
3.8685
2.51843
1.61957
2.90053
2.87911
3.92616
2.60243
4.32489
0.354288
0.519333
1.96808
4.7077
4.14729
3.23864
4.27219
4.11007
0.247137
0.166535
4.01988
1.59642
4.01927
1.62346
1.73221
0.482372
3.81139
3.55551
3.63082
0.120539
4.49453
3.29838
0.212442
2.7123
0.562997
0.15032
4.14216
1.33136
3.98958
3.50723
3.12345
3.57944
4.10685
0.790018
3.87009
2.06982
2.10937
0.049718
2.65504
3.6179
1.71128
4.34964
0.588196
3.26943
0.701809
4.08673
3.27015
0.0634184
2.68687
4.89222
3.98375
3.09474
4.65287
0.711766
3.78085
1.01411
2.80836
4.38519
3.89391
2.17793
1.54361
3.79262
1.04171
2.39021
3.24097
1.48449
3.64397
4.28644
0.787995
2.91122
2.04567
4.70902
1.57716
1.88869
4.43749
2.45363
2.58401
1.13501
3.22949
4.25011
3.55282
4.89924
0.37348
3.58631
2.5257
1.68201
2.214
4.6344
2.86827
0.349219
4.04167
4.17998
4.59622
0.883994
3.97113
4.97244
3.78162
2.2724
4.91813
3.99551
1.09401
0.702274
2.84603
2.66074
4.72747
1.60878
1.4135
2.80387
3.24634
3.21432
4.28263
4.46229
2.73428
2.70836
0.712388
1.7145
0.957653
2.33136
1.16648
1.64569
4.7004
4.77841
0.836996
0.380751
2.7308
0.332236
2.13122
3.34506
1.42584
2.10146
3.2529
2.44062
2.0053
1.89105
4.16625
0.777143
0.145288
2.49597
0.892308
4.52754
3.62343
1.27436
0.122222
3.60029
3.5543
4.94653
1.4955
1.12918
4.41903
1.60701
2.60153
3.81652
2.92217
1.39365
0.840651
3.41758
4.87496
4.11235
4.77684
3.87454
1.71064
4.25654
3.6942
4.69432
3.60921
3.6607
4.37406
2.77834
0.973215
2.71115
1.54061
2.50906
1.45978
0.479235
1.70038
0.85374
1.05123
2.12203
2.67802
2.34028
0.349243
1.82891
3.19548
1.64839
1.1262
3.99008
3.47627
4.41229
4.64127
2.12171
2.43576
4.74742
1.59427
4.87684
1.14752
2.88969
1.09377
4.9705
4.01577
4.34741
4.8994
2.7854
0.531103
0.276081
1.18504
0.903342
4.08209
3.61994
2.35492
3.94013
3.894
4.97191
1.91936
3.33954
1.50358
2.2519
0.302508
3.87485
2.76596
3.43384
4.29177
2.60691
2.86141
2.77533
4.56999
3.66968
1.68992
0.612515
3.61728
0.114124
2.39351
2.17165
0.741017
2.91978
2.14301
3.21671
0.863733
0.604225
1.915
4.07639
0.180249
1.01224
1.34086
4.42292
0.572839
2.68626
0.0660065
0.9899
2.40069
4.95741
3.68319
1.10489
1.75109
3.24176
2.14798
1.78501
2.05018
1.74399
2.05297
2.40186
2.94465
3.4203
4.78735
0.207297
3.47351
2.85138
0.733469
2.87221
1.72388
4.4175
0.768958
4.00134
3.08456
2.32123
2.60932
3.87377
4.72672
2.01571
2.01525
0.261476
3.75233
4.87247
1.70842
1.81495
4.5626
3.31017
0.728928
3.72275
4.17082
4.04694
0.777878
3.83855
1.29009
1.59537
1.63994
3.68589
3.42635
4.08512
2.64117
2.11364
2.60049
4.45151
3.11474
4.59486
2.0163
0.701765
3.50053
3.23872
1.09514
4.14624
3.23674
0.321273
4.83201
3.17906
4.72326
4.25339
0.0933044
2.26211
4.23852
2.41817
3.51683
2.57169
3.44199
3.66865
3.41896
3.9394
3.76127
1.88312
1.49383
4.78374
1.48589
0.619471
2.75843
1.76391
2.18029
4.59402
1.68645
2.83873
1.13905
0.692447
3.1277
4.40057
3.91794
4.79581
2.0542
1.44078
3.20024
3.63125
3.91651
3.5067
2.67217
0.308218
0.944126
0.79992
0.780915
1.1599
2.77146
4.0253
2.95893
4.00808
2.62524
1.62116
4.71526
2.82609
2.65263
1.33861
0.985782
2.92701
0.374577
2.88271
4.47747
3.69653
2.24421
1.33202
2.04133
1.68162
4.88466
4.2698
3.63661
3.7608
0.938119
3.95633
4.25161
2.40702
3.69072
3.72217
3.85575
1.87601
4.45629
1.47393
2.15714
3.65064
2.97459
4.1968
4.01797
0.506864
1.8751
1.44804
0.534813
1.42797
1.49764
3.64488
1.07273
2.10473
0.0152804
0.737691
3.13955
3.5495
1.30979
1.21098
0.356561
2.71488
0.621559
0.467478
2.71392
3.33865
0.437407
2.58323
4.59187
4.94574
2.68696
0.888496
3.95044
3.80754
2.47307
1.47944
0.936471
3.9791
3.3214
2.58537
0.515787
2.70227
2.55369
4.93608
3.96527
0.78282
3.97345
3.41967
0.145631
3.60955
3.98086
3.52749
2.78525
3.18655
1.2896
4.67854
1.53972
0.71647
3.6687
0.75593
3.35813
0.447012
2.28999
3.51267
3.34091
1.90222
4.79741
1.96751
3.03847
1.49725
4.83379
0.59116
3.72988
0.358915
0.172712
3.09762
4.66166
3.25689
3.02475
2.459
1.06815
2.21048
0.296705
4.47455
3.69559
1.17821
0.834339
1.13164
4.06301
2.45021
0.0494121
4.07684
4.71441
1.1743
3.35065
1.84465
1.51629
2.10604
4.84625
4.57302
4.37912
2.16097
2.49327
0.777161
0.470665
2.30577
4.96361
0.393294
4.78448
4.89715
3.39087
1.78008
3.17624
3.43071
4.98686
2.20508
2.71221
0.79159
1.64896
1.17301
1.69249
3.36858
4.07462
4.6293
4.58531
1.3591
0.671157
0.876664
0.362598
0.185526
1.05458
1.25995
3.80194
4.47541
2.59979
4.50191
3.29867
0.18374
1.72862
4.14122
0.726653
1.6569
3.71803
3.4553
0.745794
0.0209559
4.55994
4.24631
0.564351
2.39083
4.97144
0.626765
3.92673
4.22744
2.40973
1.49232
1.28775
4.66277
4.64019
2.53743
3.71831
2.18038
0.39281
1.75856
2.9423
0.155362
4.35574
2.92899
2.39028
4.40413
0.39065
1.79856
0.634755
2.14365
3.68744
3.67417
0.0508956
2.74484
0.910933
4.74608
2.49807
0.676427
4.35184
0.396997
1.57606
3.38128
3.09973
4.19956
3.90506
1.00548
0.944371
4.64079
4.7075
1.1133
2.53821
1.71451
1.15485
2.62432
4.81976
4.08284
4.6051
3.05263
1.37629
1.95857
1.98342
3.84334
3.94911
2.28953
4.49876
0.871478
4.77159
1.4877
4.81963
2.28806
0.82866
4.08157
2.53154
3.00781
1.2204
3.88924
4.455
3.02748
1.91447
0.804087
3.89159
0.981164
4.94589
0.419161
2.01075
3.38927
4.54877
3.5289
1.45975
1.08076
4.18054
1.42105
0.30468
1.2007
1.74474
4.45248
0.501911
3.5084
3.34664
4.20364
4.56664
4.84621
2.32259
3.70034
3.79044
0.849706
2.36218
0.0803715
2.52438
1.67047
1.08478
0.883443
3.37085
4.41877
0.93022
2.63559
4.05968
0.186629
0.241609
1.95426
2.6195
3.06787
1.86782
1.49224
2.79086
3.81281
2.5128
1.98975
4.95566
1.7518
4.4048
3.16923
1.05637
0.057267
3.01952
2.44681
2.36474
2.90015
3.64803
1.97313
1.5138
2.14886
4.58178
4.52886
0.484726
3.74918
1.9132
1.94324
1.5929
4.9394
2.55361
3.48265
2.03368
4.41727
3.44735
0.365923
1.64402
2.85332
0.302674
0.159918
2.06221
0.948589
3.72169
3.05186
1.7394
0.0728148
3.42001
4.45882
0.655961
2.40131
0.970991
3.58415
4.94168
3.77499
4.54378
1.31887
2.54688
3.26987
3.91279
4.64746
4.6462
0.556812
4.5238
3.94918
0.933113
3.4434
0.799416
1.05943
1.10177
1.89178
2.49506
3.51723
1.23102
2.25608
3.48442
0.93891
0.158987
0.617147
0.049036
4.21613
4.92509
4.81413
2.58405
3.4615
1.70399
2.06767
4.97544
3.30563
2.42182
4.04959
2.06962
0.964332
2.58462
0.92725
0.824896
0.372073
3.10263
1.28776
0.508053
1.44567
2.31809
3.64398
4.73836
4.54487
2.68422
3.75097
4.90524
2.28049
0.322559
2.05233
3.4478
2.23816
2.70406
4.62452
3.48206
2.49381
2.07546
2.28164
1.47779
3.84827
1.06728
3.42749
4.15277
1.84133
2.83406
0.179955
4.94786
3.28728
4.5727
0.980035
1.34476
2.36235
0.506939
0.191083
3.71149
1.31301
2.24223
0.629709
4.01371
1.04186
2.81711
2.67754
4.19888
3.71812
1.29078
0.0782358
0.590004
0.453806
3.86811
3.56516
0.266175
0.648253
4.31902
4.23714
1.1434
4.26859
2.30495
2.75618
2.40208
0.572011
0.243105
2.902
0.00214394
3.89319
2.47801
4.83004
0.515748
0.293288
0.93796
0.0536647
3.52831
2.54704
2.37298
4.64575
3.42961
4.17402
3.62662
2.04089
4.22323
0.320323
4.44475
0.271159
2.16808
0.420499
1.07902
0.262947
0.419143
4.95597
1.89713
2.00645
3.06888
4.33351
4.45448
3.17474
0.870989
2.08836
1.53569
2.35696
1.93712
2.0952
4.94462
0.0836129
1.84437
1.59934
3.16589
0.742451
0.535445
3.64746
2.40018
2.74347
0.123524
4.29128
0.339922
4.91981
1.26086
2.71008
3.28739
2.06505
1.70141
0.328145
0.0497444
3.31839
0.694859
4.25036
1.60643
4.88998
1.24852
2.19258
0.0751629
2.51008
4.66424
4.09866
1.21327
1.44569
4.8754
2.39077
0.999252
0.199007
2.74676
4.08712
2.51235
1.82157
3.49214
3.66465
4.44191
4.70181
3.60489
4.76937
4.359
4.76953
4.02926
1.81203
0.939776
1.20666
3.04263
3.04006
1.51874
2.79629
0.479782
0.533515
1.63462
2.87636
1.58123
1.50465
3.03517
2.84587
4.75768
4.02794
2.85372
4.89438
3.20202
1.29285
2.66551
0.170257
0.622438
4.2731
4.91212
0.111922
0.51475
0.0997168
3.77811
1.59932
4.58136
3.83822
1.68029
1.28121
1.73596
0.109668
1.10542
4.68258
4.74136
0.216572
2.94509
2.22768
2.6343
2.04453
0.870137
1.78494
2.65551
1.30719
2.29075
0.275097
1.45293
4.19638
0.636922
0.909416
3.50489
0.766504
0.737179
1.2667
0.91402
0.185247
4.32655
1.33637
3.19081
2.3239
2.62171
3.64758
2.64739
4.90343
3.5115
3.57586
0.77454
4.91273
0.630561
0.244971
3.05798
2.61137
1.32759
1.42729
1.05951
3.78606
1.97749
3.79196
1.13846
3.49921
0.981307
3.27727
1.14867
4.60599
1.72573
4.4029
3.36083
4.22189
2.13397
0.652756
2.27927
1.29857
0.150035
2.31568
0.597224
2.72555
2.58002
0.510257
1.81463
3.85655
2.32891
0.126122
1.85312
3.06357
1.09583
0.467111
0.846278
1.08841
2.92416
2.53821
1.59279
4.77261
0.637614
1.87397
0.911772
4.93606
4.67768
2.99737
4.28746
3.81816
0.875311
0.583373
1.75029
4.12969
4.67439
1.60651
1.21223
3.21841
4.45756
2.63446
2.64078
0.0354104
2.4813
2.95403
0.455554
2.77947
2.80194
0.754122
0.777029
3.87674
4.94962
1.15979
0.462788
2.11598
4.21838
0.0145412
1.49628
0.313765
3.33894
4.05357
3.27211
3.36299
2.58165
1.22066
3.34989
0.459348
2.02845
0.0286955
0.543061
1.94546
1.70397
1.22933
4.18363
4.48315
2.23359
0.709858
3.40283
4.94552
3.97891
0.771068
0.352325
4.70469
0.987461
2.69767
4.56453
2.75795
2.21719
2.26914
4.19406
3.43189
1.3591
2.10129
2.08842
1.10052
0.662093
3.67133
1.18319
4.04492
3.54051
4.95457
0.864733
2.02173
1.02869
4.17351
1.59992
2.04488
3.04714
4.97385
0.805082
2.49085
2.69992
4.4433
2.44574
3.64452
1.47253
1.73077
4.1398
2.05541
1.93899
1.96957
1.79769
1.91248
4.53276
0.186299
4.30186
3.80126
4.44616
2.19768
4.09819
0.331204
4.9745
2.01646
1.82864
0.184123
1.31656
4.48361
2.15558
0.929715
1.85648
3.47693
3.89092
4.31882
2.86405
4.79652
4.57318
4.42673
4.66726
0.00518323
1.44593
3.24929
3.7677
0.566916
2.60055
4.07595
0.638117
0.509031
3.65083
3.40837
4.94524
4.63721
4.80523
0.470261
3.19126
4.03263
2.31711
2.84313
3.18678
0.351989
4.90022
4.63786
1.81723
4.33855
2.90011
1.45944
0.305896
3.48791
4.92816
3.18257
4.5195
2.41413
2.62675
2.74392
3.3115
4.39625
0.327761
3.4392
3.98118
1.09901
4.71184
1.83377
0.0587042
0.310272
3.95139
3.3518
0.707213
4.02374
3.89148
3.04058
1.46211
0.927333
1.5908
3.5914
3.61666
2.12857
3.20419
4.03571
4.09508
0.367383
0.754872
2.43059
3.04703
1.72633
2.59221
1.16837
3.59328
4.15532
1.76773
0.108627
4.26985
2.87086
4.88253
1.26405
3.30068
1.75849
1.37978
1.41726
1.91445
3.89734
4.70273
0.0270648
1.6168
2.01209
1.27324
3.35738
3.48753
0.414585
0.0921814
3.30103
3.53455
2.60201
2.72395
3.57111
3.0087
0.901787
3.32506
2.03201
4.4951
3.1713
0.58491
1.9678
3.48214
4.10419
3.68831
3.42346
2.8158
1.51692
1.87404
4.43241
0.909368
3.75317
4.12449
3.26187
0.998475
4.34233
3.45014
2.03063
0.203896
4.67989
3.19556
4.3518
0.49084
4.74482
3.07201
1.40535
0.417395
0.126187
3.80071
4.19781
0.690079
0.391756
1.15768
1.61337
2.11847
1.39093
1.67125
2.28404
0.428999
2.99189
2.22196
1.2668
4.05189
2.9789
0.694954
2.87308
0.834957
2.63327
1.472
0.923971
4.10565
0.040925
2.47558
0.140104
1.46968
1.17225
3.58011
4.36222
3.19683
0.386621
0.731291
1.19965
0.501807
3.01267
3.9228
4.60739
0.7546
3.79802
1.81773
4.26085
4.24393
0.648286
3.47089
1.04532
1.16906
0.632483
4.84948
3.35348
0.654029
3.23172
2.95758
1.98134
4.69121
0.876427
1.31116
4.80824
1.29639
3.54099
0.386862
0.127217
1.42514
3.20223
4.10647
2.59648
0.6073
2.91655
3.07574
3.97044
2.13944
4.4632
4.60347
4.30983
0.151919
4.202
3.94925
0.493498
2.41125
0.346434
1.18406
2.48267
2.72262
4.10618
2.73127
0.929081
4.07501
2.28253
1.25856
4.11192
2.87212
4.58715
0.628871
3.014
0.484535
2.27544
0.152909
1.17589
3.9285
4.72555
4.56841
2.17605
4.46966
3.01053
4.83706
0.67371
3.08736
3.66936
3.99046
0.696368
0.777928
0.98502
3.54808
4.78584
1.55649
4.49298
4.30784
3.82813
3.31037
2.61945
3.08839
3.01737
3.90258
1.34272
4.51119
4.45742
1.11094
2.83346
3.67171
3.77983
4.277
4.49621
3.90811
2.91088
2.71528
3.58501
3.21156
0.0447256
1.83655
0.501845
4.44884
3.75708
1.29705
1.10175
1.72026
1.05139
1.31658
0.0373425
4.3744
3.47154
3.96485
1.16789
3.53933
1.87372
0.493871
0.814986
2.73142
3.42467
3.13306
4.47993
3.07967
1.7867
3.84153
1.82625
0.164061
3.17309
0.436438
1.95623
4.75169
3.42101
3.58952
3.22205
2.86472
4.43172
1.60687
2.63518
0.180274
0.32019
0.0398063
3.65047
0.501989
0.786946
0.88476
4.8917
0.742877
4.50513
1.37257
0.368476
3.44894
2.55778
0.856171
4.77978
3.94518
2.60122
4.65607
4.41747
2.81247
1.5152
0.738204
0.526491
4.78409
4.62261
2.137
3.91224
4.96578
4.04674
2.43462
0.144543
0.832939
4.43492
3.795
1.54481
3.36371
4.3298
0.367424
2.83163
2.89005
0.616061
2.63501
2.81877
2.91166
2.28712
0.687953
0.695477
4.31839
3.91784
2.96207
3.6032
4.33664
0.0818572
0.406224
0.592662
2.31296
0.855881
3.03136
0.274675
1.13336
3.78756
0.357076
3.51154
4.72098
3.67029
2.05061
2.74288
2.80689
1.40975
3.95865
1.97438
2.13904
0.150862
0.37382
0.997974
4.0273
2.46338
4.30113
3.70598
2.40145
2.97442
1.20848
2.04242
1.80976
0.613301
3.64037
1.80319
3.61737
2.21407
0.477244
1.87775
1.29264
2.29078
1.40692
4.76781
0.984449
2.97542
4.87067
4.38889
0.785305
4.43315
2.76801
0.630434
2.18037
2.98573
2.02896
4.13511
4.56189
3.27798
1.61808
2.76999
4.24335
4.23515
3.64234
3.73165
2.48743
1.08434
0.261241
4.95252
0.479331
2.46791
3.29041
2.68824
0.704413
0.142188
0.87398
2.90506
0.735759
4.53376
3.15146
0.754914
4.00182
4.21472
4.47657
2.69563
0.13279
3.85748
0.213683
2.5086
1.73665
0.675032
0.304692
4.46435
3.86481
1.93784
0.332521
4.8033
2.79387
4.59712
2.51199
2.34159
3.03112
2.42498
0.157545
1.59945
3.69826
3.21099
1.59059
4.6518
2.549
2.86095
2.51957
1.57455
0.12565
2.86597
0.897773
4.30127
2.02585
1.84651
4.69518
2.82293
1.77434
0.369571
1.9
3.16637
1.75996
2.29172
3.13784
1.97016
0.116082
3.12502
4.51623
0.343661
3.11043
2.39363
0.238339
0.162767
0.262707
4.71968
2.76007
1.667
1.96823
1.60937
4.31626
4.28495
2.95503
2.84255
4.30488
1.95528
2.45052
1.52404
1.40392
1.3477
1.31147
0.282972
3.26695
4.32778
0.528408
4.63735
2.59225
2.09267
2.20254
4.84274
0.940079
4.35296
4.80934
3.21266
2.35765
1.27422
2.79012
0.537098
3.36216
0.734162
3.12815
1.11724
1.95426
1.27956
4.99992
2.05108
0.318711
1.88702
3.76497
0.280023
1.68759
2.71574
0.0155457
4.85797
1.56058
4.1243
3.71041
0.449077
2.01186
2.12772
4.86919
0.716648
0.796749
4.52977
4.69486
2.54369
4.33502
3.66582
2.90446
3.7711
4.42755
2.01342
3.95396
4.09935
1.20287
4.11773
1.39718
1.02143
1.19825
3.22341
0.99135
1.28562
1.62603
3.64805
3.69852
3.55842
4.00136
4.78469
3.41977
0.95859
4.84669
3.97146
2.07203
0.366315
3.69385
0.341825
0.692378
0.958744
4.31368
0.193403
4.91582
4.85876
1.5185
3.02936
2.68753
4.29202
2.31193
3.34945
3.01689
4.77198
3.54641
0.734541
0.430303
4.02771
0.159855
3.37575
3.70984
0.33777
2.64504
4.66199
2.00961
3.91793
2.18914
2.4957
3.07954
1.49093
0.661605
4.1848
4.24405
2.12514
2.83475
3.49378
1.38595
1.1747
3.12019
1.92431
2.44815
4.69609
3.00043
3.30576
2.93306
1.14608
4.8942
3.90422
0.963457
0.418806
3.01378
2.66258
0.644415
3.90053
4.71273
4.2936
4.83056
3.73346
4.79797
2.56345
4.99089
2.28708
3.45308
0.00384488
1.14954
1.70028
1.58461
2.09802
3.60142
1.2142
3.75949
0.630698
3.2277
4.93805
4.16507
4.92064
2.62051
2.98787
3.15362
0.135599
0.637868
0.97417
3.28612
4.52922
3.18635
2.50487
2.32691
1.3566
4.54183
1.28134
4.5393
1.23176
3.42316
3.12209
0.932478
4.16553
1.02219
4.68228
2.67447
4.02938
4.28635
3.39405
0.95981
1.89403
3.39003
1.86083
2.53088
3.23178
0.39689
4.1716
0.498987
4.28093
2.86996
1.32002
1.66325
0.896326
1.53789
2.60885
0.894314
1.53255
2.53858
1.27335
0.0765789
2.91178
2.71889
2.09162
2.61407
1.02294
1.30932
0.121043
1.84175
3.82208
1.14712
2.30137
1.19482
3.57721
0.778019
2.10661
0.265195
2.96889
3.6472
1.35562
0.566746
3.37855
0.668716
0.762697
1.03346
2.58623
3.72933
2.55137
2.41353
0.321201
2.61169
0.415783
3.77569
4.28034
0.399461
4.77159
0.00194285
2.18399
2.73812
3.03287
0.519013
1.38877
0.436601
4.86619
2.80859
0.762692
4.98716
2.2607
4.51149
0.487196
4.17005
4.22047
2.00855
2.41693
2.33781
4.09271
3.87218
2.90955
3.88837
0.230065
0.546195
3.80307
4.33188
3.5043
0.604136
2.68986
3.31194
2.18696
2.99166
1.78572
3.1558
4.31005
2.35728
2.72957
2.81095
3.92048
4.3019
2.50947
3.464
0.578304
3.87822
0.772369
4.50726
2.60349
0.238645
3.68774
3.25516
0.973276
1.81471
0.33992
1.46321
3.59047
3.43961
1.21058
2.26766
3.04167
3.57726
4.91141
3.0028
4.97689
3.75002
2.04076
3.3598
1.20942
3.70269
1.6133
3.54328
4.91875
0.152784
0.231885
3.08947
3.2065
2.5496
1.61424
2.57388
0.670684
2.25671
2.82295
1.75058
1.76953
3.04592
0.316608
3.12568
1.64919
4.03845
2.3896
0.0597925
4.31139
4.5408
3.83993
4.64815
1.55292
3.25482
3.15187
2.22462
2.12887
4.56493
3.7637
3.30929
3.24935
4.34887
1.73656
0.584353
2.75268
3.77998
1.9655
2.18029
1.04066
4.95064
3.7233
2.72989
4.92201
0.489724
3.68217
1.6807
0.499435
3.62815
0.243951
3.78966
1.24703
1.66062
3.2822
4.94384
3.30248
1.35725
4.46323
4.64165
0.895124
0.415851
3.09835
3.75531
3.04554
2.83721
0.387493
4.49651
0.642229
2.57238
2.67999
1.00963
2.57884
2.37445
2.18065
3.62272
3.31556
0.7552
3.70692
1.45253
4.2782
4.48471
3.51128
3.22335
1.33512
2.72069
3.8931
2.66826
4.96475
1.98978
3.02315
2.2832
3.72809
4.50604
1.04272
0.0501327
2.36216
0.84969
1.79616
0.970234
3.78706
2.5203
4.3135
0.545125
2.87923
3.50319
4.34206
2.08976
0.873942
1.84403
0.734062
0.292792
3.42655
3.91944
1.33871
2.02993
1.47853
4.82876
1.6655
2.91413
3.4464
0.584965
4.64417
4.10801
4.20882
4.88461
1.6568
4.10036
1.69141
2.91037
3.59984
1.53125
2.52991
2.43768
1.93028
0.290465
3.07011
4.84049
0.939425
0.134935
0.566965
0.538941
4.23421
0.586676
3.87822
4.66105
4.03803
1.12757
3.21818
0.297338
0.349144
0.4282
3.68038
0.267419
3.04403
2.67495
4.48565
2.8285
1.10165
0.622932
0.427805
0.441174
2.50238
2.21293
2.41304
3.50089
2.26113
4.80799
1.78921
3.08511
2.93084
1.92987
3.62339
3.46523
0.214947
0.72687
0.311511
1.52643
1.32159
4.18598
4.87038
3.07233
2.29718
2.3876
1.35679
0.993303
3.52025
2.36916
4.30138
2.75786
0.787688
2.36833
0.071384
2.30192
0.433811
0.0917673
4.00322
3.24633
4.75163
1.91732
3.25738
1.43846
1.53979
4.45796
2.69353
0.7912
0.766918
1.64419
2.37914
0.370708
1.86441
3.55023
1.32628
0.464182
1.23462
0.574878
0.751955
3.24114
0.669571
3.28514
1.8142
3.86619
3.11935
3.76759
4.23354
4.58595
3.16336
3.13442
2.41248
4.31172
4.57554
4.86501
4.83417
3.35226
2.92646
0.0997539
2.82416
2.42424
3.24455
1.75912
1.66306
4.81416
0.704489
2.73743
4.65682
3.39302
4.09791
2.47634
3.53938
2.88977
3.53474
0.254088
3.59757
0.393283
0.913608
4.02058
4.99884
3.19414
0.896964
3.36062
3.57154
3.93893
3.07011
3.62517
3.50073
0.930972
4.79208
2.68348
1.61725
2.61403
4.11135
2.25742
3.29682
3.6507
0.184446
1.53898
0.300485
4.12627
0.105212
0.967146
3.29889
0.265262
4.546
3.01242
1.13515
2.82586
4.6093
1.09858
2.41235
1.18117
0.054924
4.88344
0.215843
4.61168
2.73455
2.74601
3.08794
3.84554
2.96367
4.09357
2.40809
4.98036
2.17038
0.37933
4.847
1.98148
1.46433
2.37083
0.585095
3.80448
2.35061
0.724076
2.82326
2.91824
1.23759
3.53211
0.689907
4.5482
0.570306
2.71731
1.37077
3.70202
3.56746
4.5564
4.7794
4.90363
4.63159
4.20203
0.337815
1.385
4.8922
0.738418
3.27277
3.23182
0.609678
4.18284
1.95759
3.44623
4.80449
3.77907
0.643572
0.423462
1.46613
1.13862
2.06606
2.09834
0.997537
4.76172
3.56415
3.30401
3.88
4.27101
2.72196
4.9374
3.7928
0.482351
4.20597
3.27676
3.64057
2.34531
4.11349
4.42479
4.28288
1.90407
4.23086
4.4513
2.06391
3.69574
4.16829
4.91078
2.7795
2.35829
1.38949
3.92412
2.42014
1.77027
0.651836
3.37477
2.77357
3.44195
3.79963
0.943574
2.44568
1.34776
4.38867
2.30303
4.25104
1.61549
3.17152
1.90351
0.986086
0.706625
2.16199
3.35751
2.01645
1.46027
3.72072
3.58873
0.707355
4.67526
4.5138
4.89316
3.3482
1.06425
2.87186
2.15508
2.11804
2.17369
1.22639
3.21235
0.554408
1.7062
2.74077
0.924853
0.375352
4.43199
3.6926
1.12571
3.96004
0.307907
2.56312
3.6014
0.457445
3.96388
3.75788
3.59838
4.99884
1.671
0.135831
4.66162
1.52812
4.73691
4.18833
0.559921
3.42946
4.18288
1.2914
4.48539
3.30287
2.57748
4.65514
4.53545
3.78234
2.88987
2.69917
4.22481
3.76794
3.92333
4.82123
4.57246
0.663137
3.27777
1.81201
2.44937
0.191344
1.04747
1.46585
0.160822
4.44269
4.31284
2.70166
2.45538
2.11106
1.11826
0.492275
2.68045
0.3626
4.57618
3.55376
3.84795
3.40536
3.56253
4.02174
2.70773
1.28925
2.21301
1.63204
1.03989
0.487707
1.25816
4.0248
3.16304
1.92906
4.79676
1.95225
2.95319
2.28879
1.69378
4.59993
2.83037
1.11788
4.47392
1.54438
3.35841
3.09039
2.30667
2.9361
4.00143
3.44832
4.4622
4.86101
2.9706
0.589248
4.67364
2.3448
4.96682
2.18635
4.28748
3.20606
4.30416
0.382273
3.60648
3.81999
4.71503
1.57966
4.01459
1.20508
4.28534
1.04483
0.769626
2.8523
2.89749
3.54463
1.83994
2.28508
1.08142
2.17579
4.29919
3.67561
3.46956
3.02603
3.96295
0.352549
0.0994119
1.06817
3.75876
4.47303
1.16961
3.91903
1.60197
2.74568
1.97301
2.76725
1.99618
2.50538
0.313578
4.78665
4.07604
1.48545
1.74557
4.61387
1.06733
0.561762
1.01389
0.859506
0.891775
0.460514
3.36622
0.299491
0.498797
3.27886
0.497795
0.795234
3.44528
1.44096
3.42199
1.60486
0.794458
3.11823
4.99337
1.30562
2.59058
4.02796
0.416913
4.17319
1.09496
2.32276
1.3218
3.52464
3.84056
2.44345
0.644941
0.819206
1.68956
3.05062
4.18773
4.21374
0.219911
2.81765
1.88089
1.24044
2.68945
2.28946
2.06491
1.4076
4.5599
1.32666
4.88286
0.00986816
2.05679
4.12498
4.56264
3.09716
3.14331
2.00806
3.68482
4.36003
0.867915
1.10071
2.01965
1.85151
2.65584
3.43932
2.37974
1.27742
1.68656
0.29689
4.07402
4.86147
1.68307
1.65086
4.99361
4.31052
2.08373
1.86383
4.40685
4.85931
0.456074
3.23547
0.00722283
2.60179
3.61967
1.00806
1.088
2.20465
1.17327
1.44023
2.16163
3.75679
3.24453
1.1275
1.06792
4.54442
1.94418
0.557681
1.82586
0.399436
4.38981
1.76063
2.9506
2.47723
4.15505
4.20653
3.98201
0.817689
1.61216
3.88553
4.80681
0.414415
1.51013
4.78768
2.64466
0.32272
4.2544
4.09183
3.46983
4.04771
2.66199
1.15158
1.43195
4.79833
1.58764
4.22791
2.7328
3.43819
2.2859
0.134733
4.6548
1.67158
2.83607
2.18501
2.36278
1.79153
3.66701
2.56066
4.27558
2.36315
0.138298
2.90587
0.440515
4.19662
3.3687
2.26917
2.35974
4.14721
1.62189
3.82367
4.87479
3.78435
3.52202
2.8789
4.86858
1.43792
3.4832
4.14987
3.67884
3.96265
4.34639
0.925435
4.30266
2.63324
0.565461
1.50003
4.01515
1.42322
0.0906456
1.48916
0.865714
4.10208
2.74733
0.258205
1.74923
2.20546
2.66667
4.15486
3.80502
3.74424
0.570506
4.07253
2.9376
3.38452
1.04469
1.39022
2.64978
3.05991
1.70446
1.81661
2.90584
0.194577
1.59664
0.594695
2.53164
4.00419
4.79974
4.97473
3.25473
0.146003
3.5395
0.00779788
4.50487
3.30071
0.374022
2.56424
2.95025
3.84934
0.786879
3.27061
0.808107
3.04229
4.16854
2.22304
3.06264
4.27925
4.60104
0.400955
3.98166
4.08548
0.609584
2.78532
0.561728
2.80345
1.09187
0.984013
1.83375
2.43647
1.80765
2.48011
2.33483
1.36713
4.66073
0.35713
4.61703
4.79388
1.94658
2.39611
3.85457
0.286002
1.33319
2.45085
4.72838
4.73574
0.866832
0.299136
2.2422
1.5399
3.71658
3.09185
4.50648
4.48999
3.13386
1.98061
3.64024
4.42019
4.60524
3.61137
2.32874
4.22261
4.90655
1.09992
2.15791
0.887987
0.2878
0.362087
4.21536
1.24961
3.00474
4.80728
2.73751
4.99196
3.69451
3.24178
2.45796
2.45553
4.37887
2.86211
4.10179
0.071214
2.93464
2.58353
1.93952
4.152
0.999215
4.88873
4.06776
2.38158
2.41875
4.42818
2.77121
1.51071
3.10174
3.57281
0.113752
4.21933
3.20573
1.65989
2.73612
1.6564
0.391586
3.82674
1.6049
2.94115
3.71835
4.77633
0.386601
1.65633
2.31897
1.49783
0.0231988
4.82817
2.29656
1.6625
3.04723
2.15691
2.6168
2.05957
2.23632
1.9209
3.50236
4.62074
3.72748
0.416007
2.83332
4.51532
3.55328
4.82857
1.9313
3.50704
1.95562
1.66841
0.0632543
4.15585
1.70531
0.348338
0.62283
4.75196
1.63987
1.38332
2.40163
3.83225
0.754702
2.96023
1.00335
1.69901
4.92807
4.31379
3.2567
4.092
1.11339
4.61838
2.57754
4.29414
0.488326
3.86938
2.71668
2.99393
2.68912
0.434494
4.26649
4.16673
3.41087
4.5308
0.791366
0.236417
2.89903
0.178616
1.27636
3.93521
3.91507
1.48342
1.23537
2.64705
2.88763
0.762057
1.06898
4.5116
1.86893
4.59865
4.03801
0.194751
4.75669
1.79107
4.98927
4.76319
0.628264
4.32942
2.409
1.63788
4.5048
4.52104
4.84797
4.16645
0.910702
3.13444
3.7975
4.13618
3.87661
4.64489
1.53692
0.445322
1.34777
2.22511
3.57161
2.02151
3.09853
4.17792
1.40556
2.48227
0.494755
4.3388
0.609554
4.54086
1.87928
0.413313
0.402077
4.91604
2.40532
3.311
2.33739
3.15278
3.4472
4.47678
2.96146
0.00434946
3.03867
2.81082
4.82135
3.48839
0.967748
1.60463
2.12719
4.99275
1.71248
3.00966
2.15231
0.393898
0.258729
0.652114
3.31541
0.27056
3.38702
1.3785
3.55673
1.78035
2.92027
4.04538
0.501384
2.75899
1.74692
4.92861
4.55677
0.718188
2.82288
0.630915
0.280593
2.05681
3.24705
4.82205
2.68501
0.505541
1.04906
2.37846
3.19617
4.53818
3.18693
2.37302
1.18648
4.87671
4.46693
3.91845
4.00005
3.61578
1.05663
0.952961
4.33136
1.68964
3.40574
3.26437
4.01613
4.60018
1.21033
2.31938
3.88241
2.5425
4.55009
0.90628
2.21578
3.66412
4.08137
0.901366
0.681317
3.09517
4.45676
1.76785
0.318938
2.33693
4.31866
1.0831
4.75373
0.117797
0.924084
0.284061
3.7272
4.09168
2.11124
2.42659
3.82621
4.92431
4.73837
1.01289
1.08471
1.6679
2.88538
3.43375
3.50131
3.81721
2.45539
0.305462
4.08345
0.385702
0.864617
4.55184
1.21634
4.06751
4.81007
2.85027
2.98598
4.2279
0.194251
0.850904
0.204885
0.174493
4.39565
3.68828
3.10122
0.967091
1.42241
1.95847
2.1915
4.70484
3.45325
1.87671
2.33521
0.736164
1.74697
4.44826
3.91641
4.11707
3.02703
3.57869
3.99488
4.55411
3.71006
0.0638729
4.26329
4.66243
2.77486
0.318829
1.26476
0.247357
2.14617
0.68365
4.21457
0.989611
2.75147
1.80449
3.81334
2.6579
3.89772
0.129408
1.2593
4.1828
0.454676
3.84266
2.25626
0.277181
0.366238
2.96208
2.86034
1.90511
0.893748
2.42508
0.915462
4.71641
0.96936
2.71664
1.25035
4.80077
2.49516
1.09596
1.48225
4.55264
1.92136
3.57396
0.498242
4.34069
1.86052
2.55317
0.992868
3.90639
2.39951
4.79895
3.29705
4.74098
2.71973
2.16504
0.524387
2.25785
0.842431
3.36753
3.62809
1.77791
1.95259
2.81808
3.91346
0.301758
4.20496
2.20757
2.16695
1.34376
0.463743
1.7351
2.63415
2.14564
1.25436
2.59442
2.46739
1.71936
2.8243
2.98709
2.18003
2.44701
0.594211
2.4971
1.35024
3.40734
1.60596
2.09792
0.0346798
0.555786
2.8493
2.54389
1.07333
1.045
4.36896
4.28054
0.748416
3.7357
0.285867
3.16187
2.97756
3.88328
0.43732
4.41076
0.748147
0.523772
1.19032
0.0265639
0.218388
4.0459
4.68777
1.89109
3.24174
0.892104
0.414856
3.14047
1.67557
2.2682
0.419291
1.8066
3.3612
0.438478
1.11522
1.84456
3.01469
4.26968
1.69275
1.09931
1.49092
0.572943
1.28279
3.63555
1.527
0.431513
0.376615
2.01199
4.44851
3.64324
1.6979
4.88398
1.21934
0.734196
3.65577
1.98446
4.03329
2.22964
4.00925
2.80779
1.08867
4.71748
1.01062
0.308497
2.28772
4.99734
2.28736
1.41533
1.92946
3.83425
4.88729
3.73713
2.73678
4.03396
2.44942
1.02248
3.93776
0.58437
0.449394
3.1513
4.68823
3.4498
0.628557
1.70787
0.763338
4.96235
4.1478
0.854947
3.97166
1.9563
0.526222
2.49563
0.668493
4.37424
3.85009
1.81042
3.10182
3.06906
2.53714
4.26374
3.41112
0.524638
4.24451
4.90385
1.29608
2.77408
4.49164
2.41022
3.27315
4.48299
3.69387
3.45555
4.00402
0.766338
2.42941
2.6831
1.83506
1.64603
4.97841
4.65242
3.48626
1.17547
4.87447
3.69058
2.09679
1.75263
2.20676
0.942095
1.72051
0.866267
3.26326
0.75473
1.9908
4.34334
2.69524
2.52071
4.76136
0.335151
1.38147
1.41193
1.91529
4.12697
2.55597
2.02714
3.03338
4.2845
2.3408
4.74572
3.88911
1.88206
4.57291
0.977648
3.98785
4.13091
3.12685
1.08488
1.90721
1.51481
0.189886
0.732114
0.74598
1.00631
0.574033
2.68099
2.62104
0.849101
2.65427
1.85678
3.84329
2.04775
1.72037
3.03321
4.90375
1.24624
1.98699
1.6893
0.910937
0.709509
0.508691
4.51278
4.84429
1.36936
1.42636
0.695921
1.38853
0.518405
4.76173
3.49436
2.15175
2.09789
1.48223
1.66251
3.96575
4.31618
3.05552
0.67488
3.68333
2.87814
0.886793
0.0524189
3.42451
3.18923
0.0383229
2.55489
0.47853
4.88986
1.75822
4.9378
3.17632
3.83291
2.20038
0.757943
1.55831
1.94051
3.08648
1.96862
1.80198
3.57288
3.1138
0.192255
1.39604
4.34961
3.90812
1.88798
3.62852
3.26374
0.826573
4.92353
3.36384
0.880572
1.40646
2.89558
0.241416
0.86743
1.26294
3.38911
3.45884
2.34705
2.52843
2.63873
3.2926
0.493463
1.3866
0.777241
1.95005
1.179
0.354895
4.58003
2.6087
1.50965
0.129819
0.9532
4.75952
1.49992
1.6562
3.38168
1.70725
0.712032
0.477142
2.59469
3.21132
0.393234
3.20467
1.00868
3.90233
0.687117
0.0668392
1.871
2.1988
1.97355
0.998826
0.271251
0.270538
1.5898
0.376724
4.99211
0.307945
4.1819
2.35826
3.5746
1.89032
2.88903
1.22759
4.15299
2.99342
0.396782
3.0758
1.9481
2.14566
2.88469
4.52114
0.291971
1.49735
4.98309
3.73408
1.201
0.77836
1.06011
0.219423
2.04059
4.21543
1.75375
3.94552
1.95277
0.509018
4.45287
1.08232
1.50855
0.775747
0.502334
0.483677
0.402132
2.67938
0.275077
4.12984
0.947088
2.13112
4.41624
1.81682
3.2975
4.06745
3.18978
3.0131
2.91339
3.03535
0.938076
0.60189
3.70866
0.743202
4.00479
3.90552
4.14405
1.93738
4.95415
1.73655
2.66385
1.87139
3.29331
0.160758
1.72074
4.28619
3.72812
1.52768
3.22674
2.70575
0.266542
4.72838
2.29446
3.75601
0.1082
0.0341251
1.26529
1.47431
4.3794
1.70316
4.30689
3.08896
4.25744
4.40733
0.920518
3.82417
2.38319
3.47432
1.09742
4.8592
4.95014
3.58294
3.4966
4.48905
4.75839
2.25343
0.178854
1.10814
2.95381
4.36304
3.8914
1.67799
4.59326
4.75616
4.42058
1.78012
4.05463
2.22603
2.55018
0.458553
2.47384
4.10579
0.418162
2.73011
2.52987
0.42131
3.88896
4.07996
1.71907
1.4391
0.967455
0.533791
2.44749
0.219273
3.24377
4.23276
4.76121
3.82809
3.17219
2.36881
4.83217
2.86125
2.28461
4.54278
4.61404
2.97187
4.56161
1.95537
3.89969
0.494442
4.94138
0.943402
1.14551
1.13131
0.323579
0.653172
2.12917
1.20538
4.79164
1.77984
3.6289
3.37248
2.76796
2.53027
0.159681
3.16627
0.448788
4.56207
1.46281
3.55459
3.58466
3.45186
0.614181
1.55634
1.9611
1.81194
3.5739
2.79939
3.38517
0.342847
1.59473
0.899736
1.33693
0.192777
0.261164
0.283841
4.70546
1.85027
0.875973
0.210387
1.27415
4.5227
3.65884
1.76133
1.13988
0.582681
3.06308
0.694634
0.0764291
1.79832
2.85321
3.07889
3.6597
4.95097
4.42161
2.58906
0.301481
2.56617
1.2219
1.14185
4.58764
2.11627
2.85592
2.40346
3.67727
1.10517
4.19896
2.78341
0.153176
4.93417
2.89634
4.5718
0.997148
2.67654
0.0661953
1.00879
0.674178
4.8712
4.44839
1.13874
1.63034
1.87302
0.183562
1.90411
3.36194
0.898241
3.92236
2.66471
0.734763
3.22379
0.954576
3.99375
1.90899
0.893663
4.42582
2.89477
0.356191
2.4057
3.55661
4.75324
4.94217
3.56241
3.03353
1.08191
0.161668
1.21855
4.45051
1.53769
1.5607
0.149235
1.66951
1.40688
4.36914
2.02335
1.25244
0.51668
0.934342
2.2197
0.360663
1.15614
4.01769
3.6475
3.00783
3.18514
1.02556
3.52587
2.6794
0.653654
3.86141
1.79541
2.55887
3.73246
4.86266
2.35035
3.86589
0.416277
1.89724
0.5282
1.65916
4.00849
4.09468
3.37412
1.76976
4.66555
3.53746
2.41148
2.01328
3.61615
3.61007
2.76755
0.502694
3.0326
3.96415
0.427321
1.10383
1.92996
3.67002
3.12262
1.68344
1.52832
1.76718
0.259481
3.0241
1.07193
0.879944
2.55067
0.130697
3.58458
2.76732
3.07951
3.81613
0.745078
1.05012
2.89974
4.29866
2.34043
2.63688
3.93859
4.22377
1.56509
2.04717
3.83226
2.30225
2.38155
0.932181
2.67172
4.38082
2.94714
2.82921
3.34462
2.75911
1.94223
0.504972
0.288908
1.18198
3.9661
4.00662
2.22499
3.52171
1.01713
1.02778
4.98361
4.95555
4.07764
3.42912
4.49328
0.897126
4.05809
3.46131
1.94834
0.0725811
0.169822
1.108
2.42309
2.49511
0.267252
0.938937
4.11005
2.27709
3.07453
1.65232
3.71957
2.60236
4.10615
4.10259
3.84987
4.17713
3.8952
2.01099
3.12103
4.87457
0.00650653
1.94575
2.15357
1.9349
1.97968
1.51091
1.99555
2.1882
2.56446
1.47661
3.82992
3.15094
1.02328
1.30404
2.53009
2.72107
4.75937
2.34142
1.89707
4.22532
4.54472
0.463544
2.60687
3.06388
2.89424
2.13661
0.144556
0.915966
0.893693
4.23185
2.06084
4.90585
1.87358
0.413445
4.11951
2.58835
3.97021
3.93541
3.98286
3.8034
3.60745
1.02019
0.498509
4.72527
3.56371
2.34061
0.325137
4.56831
3.99986
2.48266
0.541192
0.767587
0.767943
1.11525
1.70718
0.204977
0.739272
3.53382
3.59039
4.94408
0.384257
0.424469
3.39542
4.70792
1.94614
0.0141691
1.8622
3.86186
2.2743
0.23681
4.83246
2.18087
4.07538
3.75453
3.23071
3.21762
2.89857
0.0489276
4.43261
0.781413
1.22982
4.86938
2.6732
3.16648
1.62883
4.09468
1.39546
0.0444603
1.755
4.48695
2.90436
2.27847
3.51909
1.07115
0.382882
4.32537
2.38546
0.538208
3.26104
0.549978
3.73033
0.558353
0.21986
4.28134
4.56579
0.375932
2.72891
2.30598
3.78076
3.50091
0.278798
2.48484
3.4924
0.106906
2.50432
4.49988
4.46429
4.22025
4.87508
3.60879
0.478886
3.11228
3.67814
3.25841
1.20264
2.98778
3.6702
2.52123
1.42739
2.24718
2.0272
3.22485
3.30064
2.80344
2.87749
2.05461
3.76381
3.70956
0.957257
2.69319
4.39562
2.89017
4.42993
1.75295
1.0748
3.21545
0.822255
2.62708
3.31718
0.452442
4.98186
0.526282
4.06459
3.87071
4.47663
1.83915
3.04939
3.19869
4.6951
4.27212
1.79177
1.95265
0.778737
3.59224
1.10527
1.04126
3.57196
2.60634
3.98565
3.20356
2.56201
4.71928
3.49982
0.742135
1.66783
0.827691
0.0214789
1.8377
4.91127
1.10845
0.770726
4.35955
3.77574
1.84335
0.0149068
0.423452
1.48013
1.63136
3.65872
3.11449
2.61746
2.91025
3.49387
3.68469
4.05433
3.8754
1.16744
4.78613
4.95128
1.26251
3.64731
2.45731
2.94089
0.345967
4.24523
4.9914
3.05331
2.64288
1.33614
4.59755
3.70936
4.27706
4.37335
2.44016
0.350884
0.624788
1.40391
1.83104
1.18744
0.88574
3.98615
4.70095
3.86903
1.70764
3.03623
3.01673
0.979956
1.1756
1.86309
2.61472
3.93514
0.292862
4.62053
2.40872
4.23179
1.12853
1.89211
2.22577
4.76912
2.96728
0.722028
3.8728
1.44469
0.855889
1.72835
0.415363
1.49486
4.6469
2.98499
4.44665
4.53056
3.92875
1.82854
0.368606
2.60984
1.60761
3.26177
1.77783
2.94821
3.44067
3.29179
1.88391
3.62405
2.00785
0.860804
1.08861
4.79356
3.39057
3.15673
0.385779
0.541029
4.80549
3.25547
2.57961
2.38286
0.660949
0.402714
0.118675
4.72865
1.8647
1.09093
1.65073
3.35488
3.01474
1.17319
1.17231
2.58063
2.34648
1.01024
2.67623
4.47089
2.36185
4.79748
2.62849
2.94777
0.342825
1.21613
2.49122
4.67804
2.03386
4.70846
4.85522
1.01288
1.77375
3.69731
4.21854
0.129863
1.3304
1.90964
0.869546
0.785992
2.27889
1.91089
0.248914
0.440244
2.2802
4.92218
1.38477
3.35606
3.45442
2.52188
2.59195
2.45799
1.59621
2.51637
0.188972
1.22266
3.41762
3.46961
3.01661
2.95619
3.57761
2.07687
1.61277
2.82619
2.11368
1.3506
4.57239
3.83661
1.40558
4.0584
3.31781
2.9621
1.19751
3.78603
2.53918
0.0331256
3.31679
1.33734
2.92222
3.62775
2.99672
3.76507
4.62403
1.66902
0.308242
0.289245
0.52559
2.33656
4.02887
2.91059
2.61992
3.33195
0.589
2.98462
1.65451
1.33679
0.763423
3.55581
4.66359
2.51878
4.32357
3.82935
0.134467
4.679
4.77105
4.95544
2.76417
3.4107
1.88076
2.97135
2.11378
0.57611
1.43828
2.64647
3.30838
3.03977
1.68999
1.42979
4.38245
3.94625
2.43749
0.745024
0.584257
2.96397
1.17625
3.83412
4.72086
2.58916
4.59149
3.23103
2.81964
4.22419
0.516769
4.70428
3.19502
1.72064
0.987288
3.39935
2.23399
0.726424
4.42976
4.00936
1.41311
3.93479
2.58052
0.724067
1.4368
4.79001
1.503
1.47217
0.507393
2.19031
1.14327
4.84395
2.02777
0.416129
4.48778
3.64717
3.00085
2.23096
2.25237
4.57279
2.87008
0.811876
4.26243
2.81345
1.86726
4.27957
3.92195
2.1237
1.33439
4.92656
0.397682
4.63918
2.62203
2.14265
0.503802
1.70363
3.42945
1.11838
2.401
4.45244
4.45
2.3072
3.23077
2.55272
0.284886
3.39453
4.73937
2.1899
2.76451
2.92527
2.15646
0.184021
2.75555
4.13753
4.1639
4.71286
3.07381
2.89055
4.82866
2.14116
2.19563
4.92712
1.17626
4.37161
2.58607
0.632726
2.22633
0.452484
4.35893
1.69258
4.48912
4.97185
3.85214
1.05085
2.68043
4.10496
1.87335
4.49338
4.87162
3.63
2.43766
3.04231
1.34404
2.33868
0.416777
1.34177
3.47932
0.600904
0.820379
0.191582
4.00373
0.493603
1.55666
1.27358
4.51702
0.495576
0.115364
4.73204
2.44388
4.58711
4.23871
2.3309
4.51464
1.50889
4.562
4.13744
0.0679431
2.60489
3.21518
3.06448
2.20372
4.93228
1.14932
0.240916
1.36481
3.87852
4.80966
2.62949
4.94648
4.35267
3.38204
0.232708
0.435882
3.10782
2.35352
0.415692
3.71812
3.06959
0.62164
3.3003
3.5478
1.34666
0.55108
4.52264
0.834011
1.18675
2.93605
1.74745
2.54544
0.684571
2.83059
0.992878
0.0432404
3.75816
0.0683619
1.99758
1.34362
4.12084
2.47054
0.0416947
4.86496
2.98616
0.153353
0.296439
2.0694
1.16376
0.966653
2.13393
3.18526
4.95257
4.19632
3.57109
1.24651
4.84517
3.95585
3.16309
0.912551
0.255395
0.50013
0.236622
2.19957
3.29153
3.32326
3.52599
4.60179
2.03347
1.89907
2.70957
2.7181
4.13095
0.745245
0.615632
3.08965
1.05772
0.104894
1.65981
3.55412
3.14186
2.74515
1.82481
1.24917
0.840167
1.37628
1.66917
2.95264
0.599435
4.49689
0.564573
2.30399
1.59173
0.581612
3.59943
0.714455
1.45328
2.77366
0.643854
1.34504
3.89456
2.17844
1.29351
2.77922
3.00215
1.18898
4.33839
3.83165
2.18001
4.91171
2.9899
1.20377
0.647602
0.848176
4.97306
2.47969
1.80311
4.82905
2.79215
4.36812
2.06083
4.44591
2.76687
4.43646
1.56684
1.20074
2.07827
4.69107
3.22646
0.136311
3.99156
1.61827
1.0794
0.688569
2.08454
1.10719
0.410203
3.69055
3.77465
4.61342
4.88931
4.51828
4.49409
1.03349
3.72941
4.18719
0.835841
3.89842
1.97039
1.55675
2.27994
4.8658
4.02753
3.66973
4.28599
1.78702
1.76148
3.71078
4.74721
2.23111
3.10638
0.0253476
1.56518
1.06917
0.43931
0.531677
4.16618
4.30763
0.625475
4.41948
0.845035
2.45245
4.15253
4.30155
4.93189
1.86401
2.44878
1.58504
2.96541
0.0408772
3.19896
4.7209
2.49372
4.18972
4.56079
1.7714
0.969697
3.61293
4.25624
4.20093
0.515824
4.11202
3.90494
0.320424
1.3142
2.86983
4.17414
1.15728
3.23664
2.10732
0.174398
1.79547
3.33382
4.06802
1.3501
4.21592
2.85449
4.29481
2.06045
1.62744
3.25779
1.32291
3.68295
2.8114
0.898316
0.618328
3.41222
1.41747
4.75756
2.16373
1.14564
4.49923
3.68186
4.17302
4.94986
2.86285
2.13218
1.35038
3.52456
4.61178
0.564489
2.34782
3.80589
0.493566
0.721635
1.13039
1.12198
1.0584
3.79062
3.26825
0.76526
1.37753
1.70662
4.60417
3.64126
1.23677
1.17358
0.42643
3.84862
4.73658
1.81066
2.10108
1.29118
2.10159
2.06514
0.279563
3.6794
2.92596
3.94061
3.61914
1.68534
2.45845
0.877749
4.93497
2.65643
1.86075
1.81933
2.97472
2.14544
3.22379
4.11501
1.29636
0.390274
4.77615
0.268206
3.03689
2.5374
4.34066
0.178625
0.214843
1.18422
4.24388
4.10424
3.5046
1.25343
0.976166
4.28546
2.09359
4.26234
2.4462
2.65192
4.90149
2.07278
1.6759
1.92798
4.32231
2.95454
1.86436
3.89267
1.27828
4.55899
1.59314
1.21072
0.320092
3.28327
0.369856
1.28419
2.54994
3.67779
0.173707
4.20104
2.30196
1.41666
2.11651
3.10348
4.28444
2.2754
1.60959
4.19512
4.40851
3.0367
1.71985
0.860385
0.675099
3.90401
1.62241
1.61097
2.4068
1.72151
2.31072
2.27116
1.74971
1.31639
1.95431
3.34982
4.27646
0.206613
1.5803
0.194068
3.2507
4.4855
3.43716
4.08854
0.823647
3.09664
0.397281
0.359416
3.02536
0.787797
4.02493
0.574569
0.778003
3.48446
4.31312
3.96338
0.348144
0.299567
4.45137
3.77387
1.14658
0.806601
2.22846
0.557744
4.67384
4.96789
3.64852
4.79119
0.585008
3.84354
2.04194
1.31304
4.77492
1.91407
3.93695
1.0865
3.97237
0.215644
4.90312
1.97898
0.992338
4.57384
4.54567
3.10707
4.99691
0.576394
0.898147
4.92418
0.557688
2.92687
2.95301
3.51103
4.7643
3.47431
4.10058
0.351246
4.64431
1.36127
4.6094
2.45793
1.16842
3.23649
4.97582
2.51585
2.43521
4.74823
2.82678
0.0459812
1.79011
1.18382
1.25606
1.63737
1.77197
0.00173251
0.0204901
1.05649
3.247
1.9317
2.9998
0.543863
3.87637
3.37425
2.1401
3.82341
0.293409
1.19592
4.20926
0.612299
0.354639
0.0413848
0.121769
2.61261
4.29951
1.32478
0.655829
3.25478
2.43027
0.212579
3.57748
2.93336
2.99994
3.07107
1.66214
4.40895
1.40451
1.20619
1.82063
3.82434
1.88253
1.45761
3.74623
2.18062
3.40375
1.4163
3.23831
3.68878
4.46892
2.65311
0.810905
2.09364
4.37666
4.00334
1.51868
1.1096
1.33796
3.59983
1.25911
3.15261
0.821027
4.06311
1.83534
1.72775
3.6817
4.35883
3.78063
4.36928
4.05363
0.820707
1.59178
0.301436
0.0519313
4.42447
4.47611
0.882422
3.21786
4.31621
1.72711
3.423
4.99521
1.88367
2.00854
2.30222
0.0766632
1.76614
3.25907
1.10502
1.87396
3.39438
4.098
0.127288
3.64675
1.3864
3.33662
0.85738
2.94029
1.71679
2.33168
0.227588
1.50181
0.625427
3.86336
2.56654
3.03772
0.640789
2.55248
3.65697
2.05104
3.53158
0.263461
4.9307
0.566612
4.78212
3.93811
0.0398137
1.99209
1.0209
0.434676
3.44989
3.32661
4.74599
1.37562
1.36639
3.74575
1.6911
3.92755
0.148951
4.90692
3.10813
4.43088
3.19178
3.78094
2.50544
0.717572
1.43346
0.161344
1.91439
4.02558
1.06341
4.81917
0.481815
3.73946
2.12452
4.72648
0.634835
0.703293
3.95153
1.03922
1.37025
2.74417
1.18092
4.69181
3.48274
2.11154
1.78047
2.63553
1.83564
4.01959
4.89834
0.965601
0.984775
3.11942
4.65904
2.10627
3.81133
4.03231
2.16325
2.4568
1.73098
1.76391
2.7344
2.10676
2.96763
4.16683
1.8698
4.97829
2.12273
2.20391
2.91264
0.201367
3.19952
4.41744
3.26051
3.70863
0.650818
4.49485
3.57362
3.7072
3.27385
2.11207
0.699105
0.180445
1.38007
0.241662
4.32973
0.988635
4.91836
0.828661
1.10174
4.52731
2.00202
4.29731
2.27276
2.02655
3.67753
1.54368
2.28858
1.87107
4.0752
4.70326
2.9792
1.78723
3.1653
1.05038
3.89582
1.36841
2.31332
1.45314
3.98952
2.83965
3.61669
4.86858
0.10471
0.734098
1.53447
3.26981
0.416896
0.0470064
3.899
3.8361
2.00456
4.08784
3.98948
2.89536
3.95301
3.95751
2.50438
3.05866
0.886365
1.29635
3.49188
1.43771
3.1349
1.06558
4.28786
4.36222
4.98193
2.30025
0.03943
2.28165
1.20223
1.08237
1.29699
1.70318
1.67906
4.07868
1.20726
0.447875
3.57319
2.92637
2.24477
2.3917
4.66872
2.70314
4.45427
2.8401
4.83146
1.22923
0.183629
1.71251
3.43619
1.66077
2.74413
4.96543
0.137951
1.47605
2.88066
1.979
2.5898
3.35965
0.080972
1.86062
2.68511
1.76336
4.66636
3.82016
1.0657
4.97052
3.10636
2.24774
0.492476
0.601307
3.94424
4.54034
1.96094
2.5493
0.180112
4.57343
1.61758
1.12272
0.980591
2.85469
3.32197
3.76717
4.968
2.17009
0.127884
3.63372
1.02464
0.160605
3.80342
0.00143639
0.409142
2.6707
1.62533
1.8441
4.2896
0.143234
3.39016
3.11114
1.50283
3.48633
0.568522
2.29284
4.56424
3.26109
2.46253
3.9728
1.9508
4.46873
1.45507
2.51974
1.39865
3.46755
0.473774
4.70571
4.66772
0.631057
2.47923
0.84447
4.94989
2.01922
0.748646
1.31838
1.96102
0.679378
4.3906
1.92139
3.32759
2.7723
3.02909
1.91328
0.665694
3.42067
4.1389
4.84935
1.8283
3.14349
0.576981
4.48823
4.93917
1.40577
2.08746
4.76165
0.330819
2.20912
2.93117
2.59916
2.87884
0.906111
1.53269
2.80386
3.02538
0.176478
2.38145
1.87171
0.115827
4.35838
0.0844314
3.13939
4.17341
4.3431
4.60294
4.54278
1.00913
1.99763
4.25446
4.02257
3.43271
0.119624
0.261451
4.08083
2.94843
3.78417
4.5756
0.962899
1.73652
0.497262
0.532313
3.88326
2.38036
3.81484
2.96011
4.0045
3.85202
0.0116931
1.49929
3.24426
4.17744
1.32302
0.634348
1.75505
3.81261
3.60206
2.38353
4.53101
0.650209
2.82279
4.2747
1.34659
2.41286
0.155731
2.95284
0.841798
3.26058
1.391
4.86477
2.50232
0.829403
1.0575
4.93981
4.35255
2.3379
2.24402
1.25579
0.95941
0.680523
1.61944
3.33961
0.226222
0.262561
0.609951
3.90799
1.09648
0.490055
1.72524
2.50583
2.20561
2.64963
2.5351
3.00903
2.14914
4.7545
0.0489676
4.73335
2.1807
3.15749
0.348667
4.98545
2.06861
2.26045
4.70028
1.73616
1.03966
0.840287
4.47671
3.50034
4.87836
1.46096
4.33602
0.222987
1.86959
0.362617
2.48751
2.88228
3.01928
2.02504
3.36431
0.692594
2.38157
4.91439
3.91588
2.51517
1.01252
0.379424
2.23487
1.87128
2.64782
1.15569
2.38247
3.85993
0.397717
3.26314
2.564
3.63293
0.061185
0.925694
3.07692
2.35044
1.66994
2.01971
4.43456
3.90027
3.68817
1.78783
1.09808
3.45524
2.82779
1.49871
4.59588
3.94735
0.662855
1.34748
2.49522
2.14439
2.80397
2.18371
4.92422
2.31868
1.72646
3.81386
3.99405
4.25291
0.585911
3.13676
0.635094
0.75372
1.44999
2.91001
4.9991
3.80105
4.07044
2.78343
0.296221
3.34027
3.6672
4.82848
2.6311
2.93525
3.124
1.01296
4.55419
1.38504
2.56883
0.569004
3.67004
4.81681
0.615624
2.09738
1.72496
0.246572
3.50823
3.92961
2.37873
3.68654
2.24192
1.08466
3.80722
1.17551
0.464085
2.36909
0.680247
4.41798
3.74287
2.84411
0.490191
0.777145
2.15828
1.53453
2.42973
3.4775
2.57424
0.353103
0.259941
0.896439
1.61356
2.74247
4.22369
3.57568
3.59602
4.03864
1.68411
1.65701
2.05106
4.77019
0.314614
3.88053
0.16265
3.79148
0.478203
1.12314
2.57754
4.232
3.39859
4.88258
3.33533
1.96884
1.0586
0.152435
3.82881
3.46332
4.19865
3.71039
1.10569
2.61444
2.88607
3.61205
2.05153
3.4393
2.77495
0.0038773
2.73515
0.823244
1.09903
3.14118
1.01282
3.28757
3.51088
0.645061
2.21591
3.35041
3.23425
3.73471
1.42626
1.47179
1.15367
1.03223
3.51375
2.34721
4.64795
4.86034
0.791709
2.64439
3.76299
0.534531
2.94152
3.71226
1.6671
2.69066
0.080838
4.16725
2.3882
2.62359
1.96012
3.08489
1.92677
4.10537
4.26533
3.92936
3.58326
2.0597
0.607226
0.276308
3.54312
4.1919
0.274715
4.80742
4.29545
0.805675
2.97663
4.86784
3.75657
1.4142
2.14386
0.807216
3.75054
3.12543
2.56875
3.67392
0.226085
3.35888
1.94168
3.45766
3.55231
2.88642
2.37982
1.81233
1.62946
1.80085
0.061235
1.3491
2.49634
3.1332
3.14715
1.33428
0.406364
2.98672
0.843406
1.9281
4.13387
1.58529
1.13629
4.81433
3.5144
2.24479
4.52805
4.63382
3.36233
1.95618
2.56051
4.78468
0.0925809
0.699598
3.63448
4.7674
4.76679
2.87201
2.17341
2.91763
4.2079
4.39854
3.9293
1.83892
4.44457
1.28863
2.39653
2.65452
4.20624
1.96144
4.09677
4.32331
4.26839
3.76087
3.47891
0.263466
3.47743
2.22096
3.22149
1.20293
1.20102
0.783338
2.37739
3.04088
0.486697
4.81433
3.93725
4.12716
0.174231
0.716265
3.45148
3.8525
2.72366
2.77536
1.29736
3.06227
2.36818
4.58864
4.77206
0.855634
4.32611
4.3509
3.57454
3.43728
0.658068
4.46342
3.49037
0.577345
0.379342
3.24213
4.6962
2.00471
2.47656
2.55337
1.41064
0.920502
1.62237
3.68738
2.78781
0.886862
3.2787
3.63332
3.58526
1.69351
3.94429
3.87596
3.70753
4.36403
1.52644
4.16907
0.842206
1.67854
0.677202
2.96764
1.62142
4.04363
1.78815
1.5111
3.00949
2.75447
2.12865
4.56099
2.44373
3.47987
2.80527
0.528526
2.9467
4.81218
1.75239
4.90036
3.5266
1.08219
3.97841
1.83704
1.83061
1.41228
4.16194
1.21725
1.37678
1.18992
1.1638
4.30401
0.480243
3.90343
3.28572
1.38436
3.99026
1.54709
0.65725
2.17785
2.86339
0.102209
4.58816
4.88137
4.07416
4.44017
2.60305
0.214237
4.17597
0.184284
0.317424
0.497285
0.889561
4.07775
4.52205
2.72712
1.65816
2.24084
1.03934
0.401986
4.58946
4.64299
4.26056
4.03849
2.34282
0.0571706
1.30991
2.76825
0.746306
3.54313
1.39703
2.06572
0.948016
0.507584
3.36015
4.6253
2.63056
1.72596
3.67811
0.683524
0.232572
1.96798
3.56565
3.08649
0.586718
2.00157
0.616684
1.44381
4.21562
1.31939
0.818652
3.0353
1.18716
3.31552
3.98572
2.12
0.557037
0.228115
2.75134
0.572468
3.39481
4.21591
0.70583
4.20425
1.70577
3.08416
4.42205
0.188088
4.61449
0.459304
3.80574
3.76216
0.65558
0.597196
3.95683
3.95755
4.32412
1.68252
3.56227
2.08383
4.95301
3.56629
4.54726
2.88112
3.98965
4.93765
4.14754
2.76746
0.458705
1.44983
4.67
3.75624
4.40588
2.98984
0.880371
3.61048
2.61389
3.69125
0.557688
0.101478
2.55967
2.73387
2.95832
2.43938
4.31734
2.31857
3.24645
2.52647
3.98488
3.3282
4.58414
0.0120651
4.42756
0.342037
2.8606
1.23119
0.962806
1.26897
3.80595
3.5622
2.11421
2.21867
1.52221
4.02341
2.3859
3.13233
0.990622
2.5338
2.63632
2.78383
3.05548
4.81013
2.93028
0.579503
2.71357
1.32739
2.89427
4.62394
1.35427
1.95455
2.78257
0.00611389
1.8039
1.97274
0.334498
2.72045
0.301869
1.60446
4.06704
1.84986
4.59033
4.64063
4.59216
4.02547
0.360259
0.0186344
4.81011
2.7717
1.34514
0.25758
0.409138
0.782617
4.13812
1.72258
4.04032
3.23145
1.39194
3.12
4.2743
3.59094
4.71933
2.426
2.11664
0.662174
0.800229
4.12666
1.24004
4.61408
3.68873
0.540386
1.7785
1.80797
0.718666
2.78537
3.5411
4.02622
4.09061
0.895072
2.04473
1.89129
0.13351
0.307094
3.56918
0.908372
0.601009
0.0516959
4.9703
2.69682
1.22512
3.45455
3.3688
1.75668
0.627125
2.20995
3.59743
3.51512
3.22745
1.74316
2.83928
3.63252
1.3687
0.195039
2.50405
4.59109
2.641
1.30777
3.11732
0.0342043
0.931897
3.12488
0.118515
1.25454
3.28958
1.39766
4.71975
2.18994
3.71339
3.53034
4.62766
3.82459
3.78904
2.98982
3.34039
3.2245
2.96218
3.82855
2.68935
0.796227
3.9466
2.5229
3.70031
1.41288
0.228031
1.2124
0.0496584
0.671208
0.245538
2.43414
4.81206
4.93646
3.54469
4.06519
2.32378
2.64182
0.880347
4.54388
1.638
4.75445
0.303185
4.46383
1.21864
2.96254
3.40811
4.67042
1.25533
0.225575
2.02339
2.66671
1.5382
1.62078
1.3449
3.75636
2.93664
4.14211
1.4536
4.69006
1.55918
3.33879
2.14085
3.59345
3.286
3.4331
1.07344
0.752586
0.249212
1.44358
4.75535
2.10339
4.54099
1.58665
1.9699
1.30728
3.16323
4.07921
4.27992
2.25364
0.786336
3.01055
1.49507
2.14104
3.17074
2.1754
4.87078
2.40594
1.06056
1.27549
1.43678
4.01919
4.81737
0.71389
0.44338
3.41133
1.38642
1.39376
4.58403
4.37845
4.7802
1.44168
3.28703
1.11102
3.68414
1.48781
2.77032
3.39813
3.93263
3.25215
2.07317
0.854044
4.01434
1.92228
3.96557
1.13205
3.30147
4.27046
2.09836
4.75544
3.25958
2.08358
0.714393
2.87961
2.11653
2.5082
0.670719
4.99958
3.47239
4.0599
1.94561
1.56316
1.51777
4.41476
4.96278
4.25748
3.33581
2.58668
4.43711
0.236979
3.46055
2.31128
3.03224
1.97217
1.47354
2.56414
1.03236
3.75788
2.94939
4.73063
2.29677
3.61228
4.9343
2.07224
4.43984
4.68467
0.968956
1.69513
0.428658
0.214076
0.948146
3.46943
2.81803
0.862435
0.285083
3.35708
0.887372
2.496
2.32874
3.11914
3.55646
4.20982
3.58299
3.45404
3.17842
1.85893
2.54582
1.59437
1.18627
1.29723
2.33533
3.26198
2.77307
0.553549
1.50778
2.3294
1.99957
0.881135
2.78987
3.60841
3.01196
0.31983
3.25057
4.34858
0.667495
4.97731
2.77853
4.02926
2.90932
4.57801
4.14303
3.30766
2.03287
2.46134
3.56394
2.7617
0.583554
1.7226
1.66845
0.732717
3.96002
4.56297
0.232003
0.321657
3.88416
1.63262
2.4782
2.66049
1.81033
0.289615
4.26564
1.86555
4.4487
0.66197
4.18562
1.53036
0.969201
3.31434
4.93336
4.39801
2.02268
4.53045
2.0078
3.62352
1.83107
4.14855
3.00249
2.27721
3.60575
0.419761
0.328528
2.70917
1.65177
0.798899
0.129984
3.90487
4.5013
3.44437
2.05041
4.65582
4.41878
2.02596
2.7086
0.962332
1.71318
4.2058
2.03691
1.96551
1.62554
2.86696
2.92418
0.40397
1.43683
0.163594
2.92428
1.30736
1.18372
2.46465
0.226519
2.08311
3.74622
2.10763
3.36851
4.54915
4.08473
0.341737
1.31943
1.06585
0.767568
1.94727
0.566443
2.47886
2.61827
2.38019
4.23408
4.72805
4.38626
3.8955
1.49742
0.456785
0.818141
4.28505
0.635124
3.06199
3.57062
3.4255
2.38029
3.92971
4.86163
1.65053
3.47087
2.30461
1.4356
1.00809
2.5092
3.76414
4.91671
0.0831964
2.09429
0.052811
2.58454
0.122719
0.353367
2.37717
3.7434
3.9258
0.353831
1.794
0.655805
0.142072
0.173144
0.395986
3.60862
0.06984
3.30086
4.49829
2.92696
0.659387
0.972736
0.0521807
3.25955
3.22078
2.88776
4.35046
2.24942
4.78721
1.6286
4.42333
2.04547
2.29994
0.283532
4.3579
0.452439
4.48001
3.66744
1.65728
2.03996
4.04242
3.74558
0.988453
2.05978
2.36061
3.6
3.10684
1.67932
0.764232
1.1534
4.95807
4.41634
0.206836
4.38087
1.20688
4.89486
0.807858
3.65366
0.0890796
1.8109
3.51508
0.958107
0.339333
1.30029
1.35821
1.81023
0.468515
2.52313
2.43141
2.22798
1.03387
1.09664
0.893126
3.00522
0.885238
2.48213
0.655347
0.366959
2.15278
1.40887
1.52864
0.685512
4.20107
2.72152
2.09404
2.70071
0.748896
0.197004
1.18331
4.18194
2.06539
1.29045
3.70367
2.77348
2.24268
0.969242
1.64324
0.296319
3.42937
4.8982
3.18167
4.20503
1.82631
1.51186
1.19443
2.40611
4.38671
2.86919
3.10644
4.98988
2.44156
4.38551
4.52213
2.55621
3.95266
2.75042
2.42266
0.73507
2.9671
3.42845
3.88604
4.51464
4.3261
0.303744
1.41098
3.26386
1.07189
0.1372
3.53169
4.98374
0.333475
0.727935
1.64898
4.64602
1.75636
0.52764
3.66692
2.2165
2.27048
4.28228
4.60358
4.78642
3.42021
3.45368
4.64616
0.456353
1.55828
3.818
3.2708
2.58263
4.88833
4.50011
0.373945
4.26273
4.25586
2.09288
3.36524
0.0496002
3.84007
4.40467
1.65392
0.187818
1.62619
0.380938
0.0956032
4.05041
2.65472
2.73931
3.24343
1.97305
1.25181
3.5863
4.414
3.49812
2.65466
2.85618
0.00143108
2.56258
3.30994
3.9378
0.828776
1.3607
2.75842
1.53411
4.27785
0.67829
4.29231
0.678257
4.93853
1.76877
2.49831
2.67716
1.72486
2.16296
4.44182
0.889233
4.62016
3.23743
4.11369
4.7481
3.18471
4.79823
4.1129
2.18008
0.378858
0.157593
1.18711
0.172853
3.90701
1.91222
3.9436
0.862483
1.1472
4.38197
3.81633
0.908094
0.739567
4.03835
2.79523
2.05155
1.87331
3.27273
2.99894
0.143709
1.73125
1.96977
0.167891
0.176538
2.46914
4.60889
1.47827
2.54476
1.73574
0.448817
0.2897
2.71228
2.27557
0.0881069
2.61079
1.55033
1.86007
2.76283
4.81015
0.454182
4.00429
2.99925
4.83823
0.136762
4.82326
0.108588
0.10897
4.37883
3.44676
0.940763
2.71097
4.98197
0.516995
1.07419
3.32446
2.43979
3.26544
4.13441
2.97726
1.9717
1.3915
1.22964
4.05419
2.26902
3.54729
0.252547
3.86366
2.76903
3.2899
4.92043
2.85197
1.26668
2.41565
3.08045
2.82602
4.63888
4.84392
4.70974
3.59927
3.20168
3.60371
1.42109
4.75193
3.54111
4.37349
2.25968
1.5789
1.60429
2.70706
3.98833
2.7449
2.23771
3.64295
2.16748
4.82886
4.9063
1.52375
3.33948
4.17623
4.45486
3.57513
0.807542
0.861419
3.3862
3.36559
1.66391
4.09213
1.8946
1.56694
1.54869
1.44828
3.40343
3.15499
0.170849
0.74956
2.506
2.21347
3.34618
2.94141
1.25281
4.24026
3.90306
4.88184
4.94536
4.65972
2.68956
4.91374
2.97867
4.50376
4.68353
1.3221
0.242333
4.46833
1.63248
2.86996
0.18529
4.42345
3.1211
1.27237
3.89465
1.38822
2.52371
0.30571
0.736549
1.30154
1.0329
4.19651
2.94965
1.96452
2.1702
3.59368
0.284409
4.89716
2.42552
4.361
4.54827
2.24089
0.368696
1.61128
1.01664
3.24408
1.6675
4.62634
2.67877
0.278083
1.94601
2.02404
0.708937
3.06606
0.580667
1.10193
0.869897
4.15383
0.440343
3.54384
4.27381
2.73608
0.702057
3.44171
2.14703
1.98647
0.336024
2.48029
3.01003
1.87798
3.49338
4.85909
2.50022
1.89383
1.02693
3.04378
2.10743
3.97965
3.24346
2.73688
4.17202
4.49899
1.64104
2.99891
4.59218
3.84915
3.65974
4.357
3.77704
1.45914
0.406598
3.70035
2.50886
4.44737
1.19617
2.58035
2.37491
0.0716858
2.25893
1.45643
0.540304
0.933897
3.92267
3.16803
0.0108202
0.426794
1.60922
3.49261
0.902739
4.76161
3.84667
2.66159
1.31649
0.17255
4.42298
2.3128
1.17219
2.25915
3.89886
3.51155
3.57601
0.384565
3.30896
1.84905
1.97913
0.239436
0.33694
4.5245
1.02271
4.46813
3.73405
4.02513
3.39035
3.21925
4.8506
1.23432
0.63043
4.61415
3.81006
2.48993
0.1522
1.19745
4.17095
4.37822
4.81788
4.42532
2.53713
2.11702
3.27356
1.11257
2.53665
2.10993
1.36927
0.655655
0.783623
4.9451
3.21304
1.92186
0.932934
2.46169
4.09436
1.34362
4.60362
2.91217
0.608977
2.19944
1.18343
1.98529
3.80458
4.56537
0.575821
3.47766
0.618502
2.3396
3.87761
2.394
2.35077
2.63961
2.78819
1.84365
2.98317
2.49309
4.33547
0.497249
3.46855
1.96544
3.06947
0.167426
3.90703
1.73664
3.68546
3.2817
3.39855
4.75629
4.88076
3.36835
0.134753
3.69308
2.0966
3.69081
2.82405
3.20393
4.31091
3.46254
2.85639
1.0491
3.09174
2.09779
2.9909
2.6035
1.42769
1.87894
1.19484
3.04584
0.402101
0.00302111
1.30373
1.42503
4.20574
3.35659
1.65771
4.54944
4.67266
4.27078
2.87838
2.33548
3.26575
1.87446
1.83124
3.97708
0.31095
2.47659
4.23886
4.52209
2.35446
4.99652
2.66061
2.57772
4.0976
2.89342
2.57332
4.25164
4.04998
0.630891
1.25715
3.79678
1.09607
2.65981
3.23056
3.98909
2.81571
1.67165
1.31133
1.75409
4.32801
4.51731
2.43108
0.73323
4.999
2.1813
2.17611
1.87073
0.94107
4.64863
2.7355
0.0980349
4.91875
2.04611
3.60402
1.07567
4.95183
1.63218
4.23499
3.12425
3.07118
1.4539
3.1008
4.47866
1.10723
3.36021
2.54555
0.803072
1.53152
4.11917
1.62426
0.50849
2.07721
2.38206
1.41353
0.138386
4.31476
2.91594
0.463358
0.687264
3.48806
4.14826
3.30098
4.25838
4.57449
3.22495
2.34519
1.62318
1.60122
3.30578
2.88014
4.52384
4.4291
1.62869
3.7374
4.33291
4.46404
3.46291
1.19418
0.64724
1.99952
2.40404
4.64316
4.51208
0.701181
0.867941
2.49865
2.95369
1.21929
4.85982
3.4446
2.87651
4.0601
2.59369
4.72679
2.08238
1.16822
2.95752
1.71673
4.02514
4.5434
4.71426
1.87153
4.72938
1.63097
2.36307
3.08033
4.94452
0.0537641
3.11327
3.14917
0.767164
0.0534458
3.90103
4.05387
2.07865
1.26011
2.50186
3.66774
0.34212
2.72287
1.2613
1.74124
0.207839
0.59853
1.57607
1.00771
1.2327
2.14842
3.21051
0.0522871
4.07048
2.95021
2.52892
1.10757
0.478089
4.49249
0.397622
0.77574
0.222673
3.86821
3.58161
1.14153
1.04492
0.742476
0.196722
1.61105
4.75653
3.3304
0.298743
4.59904
4.635
4.60401
1.80221
3.34416
1.81948
2.94562
2.25114
3.96352
4.40237
3.78331
0.826809
2.02495
2.04792
2.15444
2.31355
3.69672
0.745062
2.15929
2.38264
3.59632
3.4933
4.49487
4.16296
1.00261
4.29075
1.45353
0.31085
4.99478
1.97067
3.85583
0.182865
0.309475
1.06907
0.402026
3.10711
2.94422
0.404722
4.58918
2.66235
1.40825
2.09786
1.37871
1.2445
2.60597
0.401269
3.9259
1.09912
1.6195
2.45805
1.60202
4.21945
4.70011
2.59108
2.84988
3.76254
4.88661
4.74423
1.94773
2.55389
2.18699
1.64123
1.13178
2.94787
4.26679
1.17005
3.45745
3.74116
0.820725
4.67826
1.34066
0.315144
2.01087
4.62007
4.85419
3.06467
1.43109
1.043
0.194211
4.81004
1.95715
3.86987
3.36969
1.45691
1.09817
2.99175
0.187985
3.13237
4.26171
1.51949
1.08601
0.708341
1.41823
0.320353
3.95502
3.12442
0.96404
3.45939
3.78043
4.43414
0.3234
0.143762
2.33419
2.93037
3.60183
1.91002
4.12857
4.78047
4.55819
1.11136
1.42134
3.50305
2.98641
4.33641
3.46612
1.92866
1.82101
2.69923
0.0285521
4.24029
0.532032
1.36769
0.698219
1.12366
2.57874
2.21941
1.69222
4.48259
2.58394
0.154202
0.630229
0.526886
1.9338
4.09671
3.53287
3.912
2.0492
4.56188
1.33463
0.282561
0.0465363
4.59804
3.64963
3.24875
4.36072
2.7736
1.22212
1.8268
4.07778
0.630907
1.30544
4.79446
2.8405
0.173866
3.1618
4.44367
0.0606883
2.88909
0.543878
1.03481
2.81873
2.42672
0.204645
4.7083
3.18516
2.14921
2.75638
4.09266
0.647979
3.39872
4.8816
0.995137
4.77221
4.82423
1.0784
0.643037
3.263
3.92659
3.44473
1.46756
3.92085
2.56221
2.86899
4.76971
0.987587
3.98157
3.00686
2.29822
2.63142
4.38224
4.95231
1.54509
3.48803
2.32177
4.03257
2.91103
4.96417
4.74965
1.21355
3.57757
4.7031
0.0763703
3.12027
2.6778
3.78585
4.57869
2.50858
0.324926
0.275295
3.75813
1.31569
1.5494
1.8944
1.62637
0.336094
2.81329
2.58448
3.1169
2.0926
1.39778
1.50295
2.40761
0.0697448
4.89771
2.97808
0.235973
1.9424
2.19317
0.343022
1.46461
1.28954
0.688126
1.09572
1.2632
4.38046
4.67756
2.43098
3.98766
3.17447
2.55047
4.62275
1.81639
1.09725
0.131757
3.0682
0.811173
3.23972
0.759488
2.32136
4.83403
0.784087
3.96299
4.86458
2.14673
4.75202
4.64371
0.169819
0.157796
2.95178
1.29758
1.28619
3.08111
0.646428
0.300959
0.0171553
4.09805
4.54006
4.9721
2.29776
1.70576
0.556896
2.48922
3.48733
0.132921
1.60207
1.81191
1.73466
2.61921
0.00623465
3.18325
2.67133
2.21862
1.5085
4.32905
2.70911
4.97663
4.14791
4.11764
4.13591
3.16671
2.41273
2.7855
4.03821
1.88796
0.644381
1.79796
1.57994
0.445842
4.90354
0.856794
4.63473
0.599127
2.09602
1.71537
1.67393
1.15443
0.349974
2.8888
2.73915
0.840083
4.09791
0.868678
0.210372
3.17258
3.57742
2.07416
4.04263
2.46541
2.24502
0.377066
0.5641
1.12399
0.537705
3.34979
2.59958
0.986928
4.23645
1.68491
1.99093
2.44737
2.37072
4.34668
3.31356
3.66924
1.78255
1.44143
3.08987
4.22986
0.163657
4.21954
2.1495
1.25336
4.86259
3.75372
3.55173
1.57911
3.51215
1.93721
4.23873
4.47065
4.13177
2.44004
3.43337
0.719974
3.20352
1.14998
0.336076
4.14342
1.14255
0.0713277
2.19703
0.171992
0.741809
3.86333
1.55917
2.66395
0.161864
1.37918
0.626081
0.450913
4.98562
2.44874
1.27374
3.27582
3.82579
4.3715
3.23546
0.538273
2.73047
2.06647
4.42308
4.58449
2.93244
0.0742561
3.88825
4.56836
0.314637
0.738238
0.858405
3.62958
3.83904
2.10434
0.962964
0.275615
2.23794
0.424269
1.48802
1.02885
3.27399
1.73084
1.60686
1.09111
2.63254
4.2533
1.78105
4.45397
2.02441
2.2558
2.04594
1.48642
4.78943
4.84575
1.4961
1.83943
1.52388
4.304
4.10147
3.14294
0.319547
2.65791
3.35596
4.62171
4.29721
1.47418
1.86165
4.21148
4.67456
3.25232
0.121567
0.363051
4.72133
4.49243
1.31367
1.79949
2.89633
2.11434
2.76611
1.42924
2.55428
1.80126
3.49062
4.32485
0.388628
2.49758
4.01846
0.478914
4.47334
0.591318
4.55782
1.88814
1.64343
0.713571
3.68763
0.237472
2.17652
3.292
4.1895
0.449208
0.0846551
0.63967
2.849
0.0614784
2.2144
0.70303
4.16781
1.63939
2.82826
4.36925
0.637775
4.67781
3.72449
4.65161
3.30682
1.12868
0.342868
4.97578
2.42981
2.6395
0.371858
1.90855
4.42651
2.82818
2.80007
0.958128
3.71237
0.887672
4.76854
0.179718
0.309512
4.93955
1.07791
0.609267
4.32082
0.235663
3.60713
2.27346
1.5815
1.30213
3.97507
1.3621
4.58267
3.7311
2.69778
0.796936
3.21981
4.10353
1.13429
2.87326
2.53221
1.16259
2.24175
1.21961
4.86935
1.68667
1.82393
3.61279
1.62575
1.43592
3.44417
2.07123
1.04841
1.68407
4.65003
1.77534
2.65879
2.26181
0.7571
0.710671
0.860901
0.607049
0.771338
2.71899
1.26805
3.9378
0.505124
1.77068
3.78168
1.84971
1.32287
2.64354
4.48715
4.77423
2.28104
0.559337
1.89703
0.40321
3.1221
0.130341
0.44931
3.60453
4.59641
1.83178
1.50349
4.83589
2.54172
4.58172
2.7272
2.26809
1.67865
2.90757
2.66223
0.124909
3.30942
0.861092
0.471612
3.45519
2.08039
1.82859
4.71987
4.32446
1.63494
1.66678
1.48418
0.973652
1.45248
3.10657
0.61303
4.6819
1.988
1.97034
4.9569
2.47067
0.192066
2.35224
3.35886
3.36956
0.652091
0.220189
1.08499
0.414884
3.09592
0.984869
0.677514
3.58419
0.396439
2.53752
1.15855
2.67251
0.85291
2.1635
2.65623
2.06633
1.77842
2.32928
4.54689
3.14839
3.92517
4.07773
3.33622
0.232905
3.33353
0.00448777
4.69304
4.99926
0.481832
1.30054
3.27724
4.67129
1.84326
2.43973
3.30546
4.71529
3.45102
3.0772
4.46119
1.19998
2.40631
1.34732
3.99096
2.09215
2.70947
0.499093
2.15791
0.322672
1.58407
3.19298
0.866856
1.62657
2.8095
2.085
2.07015
3.39419
3.24168
2.1782
0.328311
1.89363
1.77004
4.28347
3.23544
4.34636
3.77505
3.67385
1.65884
0.681753
0.363318
0.0727661
4.21667
0.284673
1.65314
1.76434
1.24051
4.24676
3.72922
2.7091
2.71181
4.22985
3.41984
1.98253
1.3016
1.25143
2.74265
0.0324894
3.20321
4.45027
1.79933
4.94939
0.702067
4.23626
4.05645
2.63449
2.55772
3.06203
1.76274
0.156658
2.97158
3.35581
3.69988
3.08818
1.09582
2.66468
0.60412
4.79531
3.2956
1.95355
0.454095
1.33249
0.0317223
3.83849
3.0678
3.45964
1.71574
3.42345
0.521358
4.55545
2.30591
3.23983
4.17016
1.93105
3.53628
1.35619
4.40447
1.96695
3.85103
2.5759
0.268518
0.857184
1.05662
3.66612
1.91968
4.95187
2.53851
1.11326
0.901477
4.3623
4.95847
4.30258
4.19581
3.26417
2.80499
3.75066
3.6761
1.90321
4.2996
0.61445
4.71964
3.51648
0.960564
2.66283
1.8286
1.34665
2.63751
1.03937
3.46252
2.22422
1.56765
4.02545
4.7531
0.83663
4.95853
4.96034
0.555856
0.753192
3.29144
1.69368
4.3109
2.91927
0.926193
0.271692
4.06667
2.74862
0.267498
4.09015
0.391173
3.0153
1.53199
4.8092
2.59985
0.915524
0.785684
0.677711
3.49569
2.53024
1.26192
2.47341
2.42777
0.0137417
0.628264
0.141754
2.54386
2.86735
1.86379
3.20359
4.45989
1.33473
3.54601
1.46947
2.07305
1.90764
3.6668
1.5411
1.96192
2.96425
2.24331
2.00195
1.04299
0.966242
2.01088
4.74211
4.01784
4.25798
2.0067
4.71278
4.80722
4.87944
2.26034
2.38766
3.4881
3.49887
2.12343
4.60314
3.87437
2.67634
0.726603
4.1768
2.12371
0.555353
1.35344
1.95362
0.808177
2.69263
4.83608
0.142307
4.28377
4.07983
3.77058
1.00716
4.37028
3.69393
2.84811
1.57701
0.603476
0.80469
0.116074
3.20451
4.94601
2.13874
0.330521
1.70378
2.40372
4.08893
1.73131
2.80487
1.77442
0.43681
3.8117
4.01412
3.58665
2.69934
4.99338
0.868479
4.98177
2.85556
1.75157
3.85711
3.81446
0.471305
0.748559
3.82116
2.13951
2.00322
1.8048
3.4177
1.16125
3.8077
2.28089
4.20183
1.33213
4.47735
0.153952
2.20441
4.56545
2.83448
1.82153
3.62846
1.57394
4.6158
1.87341
0.679977
1.80276
2.30492
1.52295
3.66956
1.64202
0.433134
3.81842
2.06385
2.326
1.04823
4.3517
1.92748
4.29942
4.93999
1.80173
0.536248
4.5792
3.75024
0.763177
3.33265
1.24934
2.89248
1.83811
4.44712
0.88069
1.97347
3.38114
2.97527
4.45986
2.87366
4.12799
4.92531
2.24822
1.95672
4.20322
3.73141
0.645947
3.37598
2.66334
4.91246
2.2298
2.49736
2.09947
0.208012
3.79646
4.45716
3.93043
2.40748
2.01537
1.14477
2.83061
3.34687
3.43782
1.8301
3.67927
2.6112
2.62327
0.86954
3.59146
4.26994
1.0819
4.90414
2.09774
1.44757
2.87371
4.64353
2.83177
1.04559
2.37263
2.04048
3.98648
1.72364
2.17022
1.19941
1.72634
4.40203
4.21753
3.7469
1.85927
0.627758
4.45403
2.14136
2.24754
0.675381
2.44032
1.82299
1.95155
1.02307
2.53123
2.00851
4.18059
0.919253
3.88507
0.15076
2.94292
2.43218
4.4611
4.58841
1.83012
3.98075
0.155655
3.43959
0.995095
4.84977
2.18397
2.68711
1.02766
3.38217
2.37463
3.05238
3.3702
3.80746
4.46279
0.139109
0.493019
2.18102
4.3589
1.06741
0.317514
1.7505
0.982042
2.09448
0.243861
1.83239
0.748509
4.1396
0.151455
3.77654
4.68109
3.30283
3.4764
4.57149
1.14897
4.25049
0.0121083
0.109685
0.411623
3.38787
0.325358
0.767553
0.503271
2.82991
1.65658
4.95686
0.772454
3.45693
3.03932
1.30264
4.40855
3.34341
0.745483
3.49214
4.44001
2.37728
2.81223
4.65703
2.08243
4.12716
1.81561
1.17376
1.09642
0.138679
3.04714
1.1647
1.29665
1.52013
3.00548
0.150581
1.46082
1.81049
0.306782
0.173872
1.74171
1.25881
3.53209
2.98515
2.37627
0.377923
2.68075
1.90416
2.63122
2.06533
3.74865
1.99525
4.29625
0.0896361
0.823298
1.50129
3.09262
4.88413
3.84227
3.79343
0.257237
4.99731
0.52119
3.8232
1.6765
2.342
4.69489
0.636383
3.119
3.76054
4.80207
4.11049
2.2906
2.13498
3.42539
4.67071
2.18802
2.8591
2.53103
4.67501
0.627108
1.50574
0.848292
0.408967
1.33536
1.35543
1.09698
1.07312
0.0723186
3.43843
0.65296
1.18907
0.492127
4.14263
3.06863
3.91645
3.54669
2.60475
3.29781
0.445136
2.81962
0.237288
0.615614
0.868144
2.72151
1.13355
4.95883
0.360232
3.86544
0.0270548
4.70727
0.596441
3.26259
0.221065
2.8744
0.208508
2.366
4.65695
2.98329
1.35182
4.51478
0.217221
1.9521
1.72747
3.78118
2.59414
3.74939
3.47858
2.403
3.15635
0.674278
2.0119
1.09639
0.129127
1.26201
2.62224
0.744449
2.60063
0.951006
2.05406
0.801439
2.07064
0.442082
3.3794
1.84809
1.62557
4.7738
1.23456
1.23784
1.82141
4.00132
4.56246
3.49989
3.64377
2.09484
0.277474
4.64161
1.22372
3.91821
4.54518
2.26642
2.88309
4.60393
1.05383
4.65379
3.52346
2.6571
2.86916
4.44548
2.56842
4.63907
3.06321
1.50566
0.602225
1.95831
0.365108
0.0548029
3.29792
3.26125
1.01726
4.80938
1.12245
1.23746
2.59881
2.42225
0.150665
3.92154
2.8891
4.16621
3.71679
0.856587
0.867939
4.96672
4.94921
3.99601
0.64171
2.66143
2.05407
3.9126
0.775261
2.2279
1.91179
4.9952
1.25959
2.42308
4.5901
2.13245
1.39
3.36641
3.3557
3.70855
1.84302
2.9205
3.97828
3.49165
4.83119
0.0287323
1.43782
4.68398
4.36481
4.79575
4.84889
4.29536
2.15272
4.43113
3.75701
3.5536
1.98908
0.68437
1.62738
4.60112
0.0804074
3.3362
1.80239
1.79414
0.45072
4.91451
0.905345
2.72578
3.80439
3.7522
3.17893
3.2371
3.14083
4.76252
3.83324
0.776698
4.01831
3.45037
3.60383
0.647886
1.55116
3.56698
3.36224
1.90768
3.40046
4.29466
4.2788
3.23975
4.06467
4.34255
4.74245
0.833136
2.00185
4.4165
2.69955
0.461886
4.51258
0.707421
3.03749
1.69178
2.6194
2.98255
1.54799
2.79462
2.44226
0.953843
1.41051
2.00225
2.53308
1.29812
3.97665
1.34351
2.56015
1.81986
0.324009
1.90183
2.70135
2.53162
2.28113
4.56327
1.51411
2.81145
1.39882
2.71564
4.62566
0.923125
4.0602
4.85722
1.16142
1.99325
2.77553
0.243598
0.47397
1.36599
3.87742
4.57833
1.6136
3.78984
2.97708
0.611924
4.22039
4.94996
2.61884
2.98101
4.50937
0.859502
2.51376
3.46674
0.220395
2.40678
4.49322
2.52187
3.02735
4.2376
1.69321
4.97437
3.31115
3.36011
1.59559
4.11904
2.1573
4.07552
0.126274
4.11453
1.63583
3.71563
3.58007
2.1059
4.16043
2.03166
3.01214
0.532634
1.57155
1.02635
3.20526
0.22189
1.83964
0.590727
0.0150005
1.40776
4.43889
4.73773
3.86745
2.45166
2.49795
0.253693
4.1537
4.69972
3.9381
2.51746
4.45363
2.42841
1.69243
2.17757
2.4299
1.3473
1.34301
3.02519
3.24867
4.79933
1.73849
2.75002
1.28177
1.5403
2.56951
3.88113
0.182996
2.41662
4.74991
4.50491
0.420115
3.93007
1.11611
3.5986
1.54135
3.1777
2.57499
0.610505
1.0891
2.88854
2.35098
1.3957
0.939005
0.938739
2.00579
0.505256
4.95798
2.46974
3.88436
1.33522
2.26869
4.42925
4.70909
2.12601
0.411335
3.74721
4.86532
1.59293
0.745437
2.41856
3.65634
1.86054
2.61883
3.70538
0.0156206
3.73054
0.403409
2.16533
2.68559
4.03687
0.306979
0.0235754
2.46001
2.29971
1.69648
4.30406
2.3443
2.29416
1.30319
2.89563
2.11164
1.43074
3.07964
0.893467
3.89383
2.79622
0.698105
1.20755
4.14975
0.644306
1.22665
4.02909
3.05344
1.8007
3.17006
3.16774
0.463712
0.649555
1.07202
1.57672
4.77152
1.2983
2.21106
0.713027
2.19941
0.421082
0.0126222
3.34584
0.465493
4.69097
2.07856
0.315398
2.23472
3.61439
4.74692
3.01578
3.2805
1.8156
4.01756
1.70821
4.17539
1.76589
0.796706
4.57345
1.36894
0.696594
4.11504
0.143752
0.808004
4.26123
2.26188
2.90366
1.95753
2.18912
1.35664
0.125736
4.73708
2.65494
4.14131
2.41376
0.4753
1.96466
0.737753
2.04289
4.70711
2.35293
0.670596
2.92401
2.72295
2.04623
0.836941
3.91796
0.80932
1.55297
4.26963
3.34114
1.80808
4.01571
3.32867
2.1481
2.31572
3.72866
4.13144
1.54569
3.49502
3.16155
0.393999
2.01654
3.55074
1.84254
2.26241
3.70841
0.361025
3.67063
3.64531
3.31849
1.75319
2.45788
3.50062
4.82869
1.27206
1.6252
2.66796
0.225872
4.29375
0.166567
3.51812
1.06432
0.23239
4.17995
4.59532
0.234984
1.85756
3.06205
2.3775
3.68761
1.3932
0.417981
2.7345
4.04825
2.85649
2.79125
4.47221
3.13962
4.83654
2.4889
2.58391
3.62902
4.60308
1.74469
0.0961201
4.42084
3.33597
3.13416
2.48843
4.00497
1.07846
2.13148
3.66145
1.76471
1.98218
4.10949
1.48433
2.71669
1.89126
0.541383
4.50951
3.55639
1.37793
3.43865
0.00116352
1.28424
4.38962
1.38047
1.56202
0.367614
2.15341
3.77088
4.49378
3.54575
2.38537
0.315552
1.44923
1.18319
2.91471
4.80441
1.85218
0.397209
2.62391
3.8712
1.7368
2.02694
0.0287693
3.8733
2.7088
1.77601
2.83322
4.6753
3.99423
1.82761
2.05491
0.641988
2.86476
0.103382
1.67389
0.500995
1.41452
4.8425
1.48264
1.58839
1.53421
2.48426
3.32075
3.89569
4.6785
2.83658
4.05468
0.618146
0.989248
4.92103
2.62631
2.93849
1.78372
3.55483
3.63731
3.03519
3.75237
0.624609
1.4473
2.09551
0.358523
1.87033
3.58353
1.24691
3.27379
2.4432
1.01116
2.77821
1.70792
1.61974
1.75784
0.14733
3.27785
1.65766
2.77489
3.67068
0.188185
2.34789
2.02866
1.38183
4.02692
2.21898
0.336919
0.534347
0.522268
4.92956
4.85706
0.0898812
4.27368
3.11227
4.26177
1.00049
0.270678
0.279841
4.2853
0.776784
4.86127
4.45179
1.57665
0.328931
1.54156
0.451855
4.07093
2.65833
1.69606
1.77532
3.04538
1.85086
0.416965
0.396299
1.40446
3.5389
3.06891
1.65462
4.71481
4.7643
3.24028
1.93227
0.0591838
1.34719
4.3046
4.8187
0.160976
1.20667
1.69837
1.50803
4.40536
0.619395
2.71397
0.0281148
1.60101
2.71196
1.221
0.723024
3.73702
2.06744
0.957403
1.06757
4.63179
0.492789
0.561491
0.633644
4.27298
1.71658
4.38473
4.51394
4.59656
2.19478
0.726586
0.270447
3.25747
0.676395
0.985015
2.71011
0.790624
1.53971
0.205605
3.2051
0.80881
4.27382
4.42513
1.52315
1.48105
0.262837
1.28082
2.45257
4.68428
1.34972
2.0812
0.331311
4.20229
4.57114
1.75939
0.878579
1.38717
1.79569
1.37161
4.68603
1.49358
0.403147
3.78053
4.83429
3.91402
2.63416
1.01247
2.56641
3.30294
2.46242
3.27202
3.80213
3.44093
0.278906
4.70783
1.71343
1.22664
3.96187
3.66801
0.317084
0.392001
2.08703
0.205975
4.87908
0.0645974
4.1506
4.95475
0.609139
3.42524
2.23508
2.51172
4.23397
4.94116
4.484
3.38813
1.05072
0.440785
1.03947
4.35321
4.38676
0.986698
3.38112
2.88813
3.46427
1.03369
4.25853
4.71004
4.51193
0.621793
3.63623
0.605024
3.1778
1.63265
0.785558
4.84645
0.85557
4.78076
4.06973
0.241707
0.91895
1.20447
0.578466
2.84407
0.190551
3.43611
4.07093
1.16518
3.70208
4.95644
0.567401
0.354011
4.91776
3.10713
1.17414
4.90743
3.53509
1.87792
2.07254
1.05932
3.56431
3.035
0.388926
4.82864
2.27731
2.37433
3.43359
1.97467
4.40435
4.77293
4.45113
2.81603
1.21781
1.70856
2.49222
0.196691
4.62344
4.61219
1.39919
3.53523
1.01099
1.53595
0.564062
1.93852
2.19509
2.30823
3.66147
2.11766
0.390647
2.08122
1.4793
1.94937
2.59715
0.511278
0.82255
3.32104
3.17695
0.705565
0.240731
1.05289
3.00297
1.17932
4.51956
3.66214
3.76983
3.59286
4.81286
3.28573
0.0891181
4.90479
1.69662
0.698347
1.90646
2.93015
4.32927
2.81434
4.50023
2.48512
3.14972
0.873706
2.00259
4.76371
3.80447
1.943
0.582953
4.21853
3.28622
2.35032
1.36083
0.733196
0.989684
0.346255
0.612898
0.490572
2.98086
4.64167
0.114881
0.812005
4.69349
4.50845
2.02956
3.58752
0.834399
4.78818
3.11662
3.60304
0.564227
0.329943
2.92491
3.81538
3.49558
3.68821
4.49067
3.97691
3.07513
1.72404
4.32181
0.906891
4.38169
1.55684
1.18366
0.762193
4.17971
2.74918
4.40332
1.65718
1.70075
4.65624
1.52509
2.99258
0.142973
0.445537
4.69921
4.08139
2.28753
3.44418
4.70142
4.15181
4.3875
3.55638
0.477494
3.76898
4.66005
3.32404
1.09918
0.233273
0.336022
4.733
0.621143
1.49505
1.61751
1.13069
0.17412
4.51649
2.62214
3.79676
1.96038
3.59148
4.35396
1.26377
2.352
0.172994
0.479015
1.12166
2.12648
4.95523
0.643081
1.29718
2.33941
2.86205
2.89274
1.99972
3.25186
1.07946
1.53581
2.17039
0.0866584
2.90461
1.95473
4.53325
3.77096
4.33088
2.88079
1.50286
2.49356
3.51216
2.85917
0.710044
4.33603
4.94589
4.02406
1.5579
2.52001
1.83763
1.8218
1.10505
1.84562
4.03002
1.93084
2.47397
2.96387
2.04113
4.15578
4.59586
2.34658
1.58631
0.22917
0.530146
0.860675
4.33438
4.38041
0.697486
1.30076
0.988998
0.443294
4.51085
0.349487
2.49117
3.48817
2.27065
0.993638
4.00638
0.262403
2.86992
2.07465
2.83945
2.73682
4.2607
0.66657
2.77618
2.76835
2.48471
3.96202
4.05133
3.16492
0.636982
0.912182
1.6895
3.80343
0.0530211
4.19022
0.264943
2.04701
4.53419
1.47198
2.82477
4.0781
3.17497
1.92134
1.32369
0.274425
1.19241
3.35731
1.12383
0.302262
4.18845
0.204486
1.85429
2.84966
1.56523
3.14752
3.03073
3.25691
3.5855
1.01802
2.95461
4.26226
0.717196
4.17793
2.64914
4.94191
3.90173
3.98299
2.04866
4.66603
2.22322
1.54494
1.28203
1.19066
3.22782
1.0734
1.98095
1.68675
0.739667
1.68288
0.531663
2.89002
2.67291
3.05484
2.84594
1.24799
4.18269
3.80307
0.0544865
2.58979
1.59873
0.676311
1.92289
2.26424
0.356776
3.55379
3.54558
3.25471
1.60567
4.5501
4.7187
4.84875
3.88492
3.80581
3.62206
4.39369
1.3601
2.23028
4.02329
2.76038
2.94425
1.38567
3.86983
3.49833
1.57688
4.09908
3.0684
4.49458
0.621732
3.13788
2.70137
2.70672
1.52102
4.41382
0.157169
3.1298
3.62462
3.51083
1.713
4.92605
4.69124
2.74132
1.34964
4.99422
0.59972
0.303518
1.73542
1.49549
4.72579
0.510612
1.10149
4.83391
0.686554
4.87187
4.8594
0.99442
0.643761
3.02168
2.14981
0.762843
0.943899
0.746224
3.69048
0.548195
1.73201
4.60471
0.572105
4.6254
1.49672
0.552976
4.85656
0.242681
4.55733
2.98881
2.14963
0.850296
2.1525
3.43045
2.02185
0.50783
0.336886
0.996786
0.488419
3.25737
0.530115
1.38319
3.96387
1.68656
4.01745
3.57319
4.34393
0.0201852
4.07649
1.78696
2.85782
0.431561
